time (s)	energy (uJ)	charge (mC)	voltage (mV)	crossing#mod 255
3051.588471	55.143417	0.013736	4.014630	36
3052.625467	58.620010	0.013720	4.272626	37
3053.678114	55.790596	0.013708	4.069829	38
3054.711223	56.505810	0.013729	4.115750	39
3055.760831	58.858276	0.013713	4.292271	40
3056.797924	59.043388	0.013722	4.302762	41
3057.844172	57.506313	0.013735	4.186852	42
3058.886135	59.204918	0.013701	4.321119	43
3059.928165	60.174351	0.013729	4.383120	44
3060.975528	59.750641	0.013740	4.348523	45
3062.015572	60.343914	0.013710	4.401434	46
3063.058766	61.783981	0.013718	4.503805	47
3064.096178	61.646099	0.013720	4.493301	48
3065.145072	60.241241	0.013733	4.386755	49
3066.186532	61.328636	0.013707	4.474353	50
3067.230693	64.306892	0.013717	4.688188	51
3068.272664	63.054638	0.013713	4.598139	52
3069.317222	63.134731	0.013776	4.582815	53
3070.361460	64.571503	0.013714	4.708510	54
3071.400268	66.500954	0.013734	4.842173	55
3072.447573	63.117790	0.013715	4.602054	56
3073.487215	66.706093	0.013767	4.845360	57
3074.533562	65.048439	0.013719	4.741351	58
3075.571850	67.007423	0.013719	4.884270	59
3076.620265	66.172272	0.013732	4.818999	60
3077.656412	68.536880	0.013734	4.990487	61
3078.707747	66.106133	0.013724	4.816813	62
3079.739818	67.716095	0.013711	4.938731	63
3080.792386	66.775085	0.013710	4.870554	64
3081.829190	70.219131	0.013719	5.118281	65
3082.878909	68.079697	0.013712	4.964931	66
3083.915323	69.678696	0.013717	5.079607	67
3084.965801	67.968857	0.013707	4.958822	68
3086.002846	70.920578	0.013712	5.172259	69
3087.051377	69.010902	0.013711	5.033305	70
3088.086976	71.794708	0.013735	5.227296	71
3089.136339	69.561554	0.013715	5.071850	72
3090.173129	72.108330	0.013737	5.249108	73
3091.220110	70.078888	0.013706	5.112854	74
3092.261160	72.317070	0.013712	5.274058	75
3093.306832	71.511330	0.013720	5.212105	76
3094.347933	72.959892	0.013717	5.318866	77
3095.391427	70.942963	0.013708	5.175290	78
3096.434301	73.386398	0.013726	5.346463	79
3097.475571	73.195709	0.013708	5.339756	80
3098.522141	72.753326	0.013725	5.300861	81
3099.563261	72.799149	0.013713	5.308728	82
3100.605353	74.786797	0.013710	5.455094	83
3101.648512	73.500778	0.013726	5.354865	84
3102.691682	74.460999	0.013730	5.423249	85
3103.735185	74.121040	0.013706	5.407914	86
3104.777547	74.745705	0.013708	5.452562	87
3105.821108	74.536545	0.013713	5.435481	88
3106.863598	74.969406	0.013725	5.462087	89
3107.908112	75.175735	0.013741	5.470892	90
3108.948269	76.008171	0.013732	5.535038	91
3109.993959	74.648605	0.013729	5.437422	92
3111.033928	76.598953	0.013729	5.579298	93
3112.077278	76.666595	0.013779	5.564034	94
3113.118016	76.680893	0.013730	5.584726	95
3114.167485	75.603569	0.013705	5.516679	96
3115.203867	78.055397	0.013726	5.686506	97
3116.252291	75.463791	0.013734	5.494502	98
3117.290474	77.240395	0.013710	5.633817	99
3118.338186	77.012268	0.013732	5.608060	100
3119.375641	77.761787	0.013709	5.672379	101
3120.426695	74.756645	0.013707	5.453946	102
3121.462698	77.991730	0.013713	5.687376	103
3122.510423	75.735924	0.013710	5.524100	104
3123.547776	78.172112	0.013712	5.701193	105
3124.597069	75.432693	0.013712	5.501151	106
3125.633289	78.789948	0.013736	5.735960	107
3126.680761	76.346870	0.013707	5.569919	108
3127.718165	79.200325	0.013673	5.792603	109
3128.768170	76.098534	0.013708	5.551554	110
3129.805287	78.669472	0.013712	5.737307	111
3130.854023	75.832390	0.013709	5.531698	112
3131.891156	78.975342	0.013701	5.764289	113
3132.937917	76.849152	0.013728	5.597888	114
3133.976059	79.366966	0.013684	5.800038	115
3135.025008	76.312981	0.013738	5.554830	116
3136.062477	79.489761	0.013725	5.791492	117
3137.111076	75.889709	0.013700	5.539357	118
3138.148713	79.494308	0.013720	5.794113	119
3139.192088	79.185776	0.013731	5.766775	120
3140.233737	79.025848	0.013713	5.762667	121
3141.279663	78.302795	0.013710	5.711403	122
3142.321178	78.598610	0.013706	5.734451	123
3143.368165	76.024811	0.013716	5.542835	124
3144.407255	78.255074	0.013687	5.717350	125
3145.449882	78.565872	0.013735	5.720224	126
3146.493662	78.071373	0.013700	5.698442	127
3147.537422	76.578148	0.013736	5.574872	128
3148.580168	77.858078	0.013707	5.680346	129
3149.622166	76.657265	0.013705	5.593319	130
3150.665643	78.235016	0.013708	5.707078	131
3151.705981	77.855331	0.013727	5.671539	132
3152.751637	78.155724	0.013705	5.702677	133
3153.792246	77.104950	0.013709	5.624414	134
3154.836610	78.323570	0.013707	5.713926	135
3155.879605	75.894844	0.013710	5.535671	136
3156.922963	78.144920	0.013716	5.697464	137
3157.964917	75.760307	0.013697	5.531350	138
3159.008760	78.093719	0.013704	5.698809	139
3160.050514	75.768227	0.013710	5.526550	140
3161.092790	78.400841	0.013710	5.718484	141
3162.136049	75.928322	0.013706	5.539910	142
3163.179117	77.924103	0.013744	5.669477	143
3164.223688	75.097374	0.013708	5.478329	144
3165.264103	77.801872	0.013727	5.667682	145
3166.308249	75.485138	0.013735	5.495687	146
3167.348253	78.493736	0.013701	5.729033	147
3168.393224	75.669090	0.013715	5.517179	148
3169.433899	78.201241	0.013693	5.710910	149
3170.480824	73.758354	0.013709	5.380315	150
3171.521034	76.972992	0.013762	5.593249	151
3172.565738	74.300217	0.013720	5.415636	152
3173.606414	76.494873	0.013712	5.578783	153
3174.651060	73.361748	0.013702	5.354153	154
3175.691760	76.984306	0.013706	5.616804	155
3176.736014	74.019264	0.013713	5.397654	156
3177.776957	77.720741	0.013759	5.648516	157
3178.821059	75.526642	0.013738	5.497698	158
3179.862809	77.184669	0.013729	5.622015	159
3180.906561	73.418335	0.013709	5.355477	160
3181.950114	76.135872	0.013704	5.555851	161
3182.992167	73.168861	0.013709	5.337403	162
3184.036063	75.433205	0.013736	5.491502	163
3185.077940	73.739517	0.013687	5.387549	164
3186.122393	74.315430	0.013709	5.420743	165
