crossing time (s)	slope (V/s)	crossing number
281474976710655.000000	4.224721	90172	0.000000
281474976710655.000000	4.249450	90173	0.000000
281474976710655.000000	4.222321	90174	606545182720.000000
281474976710655.000000	4.277776	90175	606546231296.000000
281474976710655.000000	4.234535	90176	606547279872.000000
281474976710655.000000	4.332140	90177	606548262912.000000
281474976710655.000000	4.377124	90178	606549377024.000000
281474976710655.000000	4.412123	90179	606550360064.000000
281474976710655.000000	4.372287	90180	606551408640.000000
281474976710655.000000	4.489509	90181	606552457216.000000
281474976710655.000000	4.469083	90182	606553505792.000000
281474976710655.000000	4.502518	90183	606554554368.000000
281474976710655.000000	4.571392	90184	606555602944.000000
281474976710655.000000	4.665601	90185	606556651520.000000
281474976710655.000000	4.587779	90186	606557700096.000000
281474976710655.000000	4.637122	90187	606558748672.000000
281474976710655.000000	4.631279	90188	606559797248.000000
281474976710655.000000	4.679521	90189	606560845824.000000
281474976710655.000000	4.588941	90190	606561894400.000000
281474976710655.000000	4.723299	90191	606562877440.000000
281474976710655.000000	4.822173	90192	606563926016.000000
281474976710655.000000	4.756854	90193	606564974592.000000
281474976710655.000000	4.746592	90194	606566023168.000000
281474976710655.000000	4.973501	90195	606567071744.000000
281474976710655.000000	4.979566	90196	606568120320.000000
281474976710655.000000	4.920872	90197	606569168896.000000
281474976710655.000000	4.959626	90198	606570217472.000000
281474976710655.000000	5.130649	90199	606571266048.000000
281474976710655.000000	4.901143	90200	606572314624.000000
281474976710655.000000	5.008433	90201	606573363200.000000
281474976710655.000000	5.199007	90202	606574411776.000000
281474976710655.000000	5.174068	90203	606575394816.000000
281474976710655.000000	5.010062	90204	606576443392.000000
281474976710655.000000	5.229038	90205	606577491968.000000
281474976710655.000000	5.237872	90206	606578540544.000000
281474976710655.000000	5.129822	90207	606579589120.000000
281474976710655.000000	5.269431	90208	606580637696.000000
281474976710655.000000	5.370488	90209	606581686272.000000
281474976710655.000000	5.201640	90210	606582734848.000000
281474976710655.000000	5.384892	90211	606583783424.000000
281474976710655.000000	5.499092	90212	606584832000.000000
281474976710655.000000	5.318035	90213	606585880576.000000
281474976710655.000000	5.398207	90214	606586929152.000000
281474976710655.000000	5.647256	90215	606587977728.000000
281474976710655.000000	5.355458	90216	606588960768.000000
281474976710655.000000	5.470009	90217	606590009344.000000
281474976710655.000000	5.700857	90218	606591057920.000000
281474976710655.000000	5.463776	90219	606592106496.000000
281474976710655.000000	5.556090	90220	606593155072.000000
281474976710655.000000	5.716753	90221	606594203648.000000
281474976710655.000000	5.560326	90222	606595252224.000000
281474976710655.000000	5.590616	90223	606596300800.000000
281474976710655.000000	5.776628	90224	606597349376.000000
281474976710655.000000	5.739295	90225	606598397952.000000
281474976710655.000000	5.567740	90226	606599446528.000000
281474976710655.000000	5.755927	90227	606600429568.000000
281474976710655.000000	5.695364	90228	606601543680.000000
281474976710655.000000	5.937218	90229	606602526720.000000
281474976710655.000000	5.856535	90230	606603575296.000000
281474976710655.000000	5.764812	90231	606604623872.000000
281474976710655.000000	5.769314	90232	606605672448.000000
281474976710655.000000	5.954663	90233	606606721024.000000
281474976710655.000000	5.960137	90234	606607769600.000000
281474976710655.000000	6.135893	90235	606608818176.000000
281474976710655.000000	5.854913	90236	606609866752.000000
281474976710655.000000	5.871470	90237	606610915328.000000
281474976710655.000000	5.983245	90238	606611963904.000000
281474976710655.000000	6.132000	90239	606612946944.000000
281474976710655.000000	5.934608	90240	606614061056.000000
281474976710655.000000	6.227139	90241	606615044096.000000
281474976710655.000000	5.994302	90242	606616092672.000000
281474976710655.000000	5.951015	90243	606617141248.000000
281474976710655.000000	6.298200	90244	606618189824.000000
281474976710655.000000	6.248003	90245	606619238400.000000
281474976710655.000000	6.035898	90246	606620286976.000000
281474976710655.000000	6.270545	90247	606621335552.000000
281474976710655.000000	6.260520	90248	606622384128.000000
281474976710655.000000	6.170398	90249	606623432704.000000
281474976710655.000000	6.270046	90250	606624481280.000000
281474976710655.000000	6.351137	90251	606625464320.000000
281474976710655.000000	6.126589	90252	606626578432.000000
281474976710655.000000	6.398192	90253	606627561472.000000
281474976710655.000000	6.305713	90254	606628610048.000000
281474976710655.000000	6.258286	90255	606629658624.000000
281474976710655.000000	6.353031	90256	606630707200.000000
281474976710655.000000	6.468679	90257	606631755776.000000
281474976710655.000000	6.421574	90258	606632804352.000000
281474976710655.000000	6.482787	90259	606633852928.000000
281474976710655.000000	6.503129	90260	606634901504.000000
281474976710655.000000	6.545098	90261	606635950080.000000
281474976710655.000000	6.394890	90262	606636998656.000000
281474976710655.000000	6.543709	90263	606637981696.000000
281474976710655.000000	6.588833	90264	606639030272.000000
281474976710655.000000	6.600814	90265	606640078848.000000
281474976710655.000000	6.509321	90266	606641127424.000000
281474976710655.000000	6.617503	90267	606642176000.000000
281474976710655.000000	6.654372	90268	606643224576.000000
281474976710655.000000	6.639775	90269	606644273152.000000
281474976710655.000000	6.697504	90270	606645321728.000000
281474976710655.000000	6.737415	90271	606646370304.000000
281474976710655.000000	6.643008	90272	606647418880.000000
281474976710655.000000	6.765958	90273	606648467456.000000
281474976710655.000000	6.832623	90274	606649516032.000000
281474976710655.000000	6.730335	90275	606650499072.000000
281474976710655.000000	6.720458	90276	606651547648.000000
281474976710655.000000	7.036759	90277	606652596224.000000
281474976710655.000000	6.830524	90278	606653644800.000000
281474976710655.000000	6.689986	90279	606654693376.000000
281474976710655.000000	7.018232	90280	606655741952.000000
281474976710655.000000	6.955280	90281	606656790528.000000
281474976710655.000000	6.777249	90282	606657839104.000000
281474976710655.000000	7.043516	90283	606658887680.000000
281474976710655.000000	7.119184	90284	606659936256.000000
281474976710655.000000	6.949935	90285	606660984832.000000
281474976710655.000000	7.082084	90286	606662033408.000000
281474976710655.000000	7.202102	90287	606663016448.000000
281474976710655.000000	6.764885	90288	606664065024.000000
281474976710655.000000	7.071270	90289	606665113600.000000
281474976710655.000000	7.190354	90290	606666162176.000000
281474976710655.000000	6.941178	90291	606667210752.000000
281474976710655.000000	7.084873	90292	606668259328.000000
281474976710655.000000	7.270160	90293	606669307904.000000
281474976710655.000000	7.057295	90294	606670356480.000000
281474976710655.000000	7.180594	90295	606671405056.000000
281474976710655.000000	7.165522	90296	606672453632.000000
281474976710655.000000	7.205434	90297	606673502208.000000
281474976710655.000000	7.179795	90298	606674550784.000000
281474976710655.000000	7.234839	90299	606675533824.000000
281474976710655.000000	7.232170	90300	606676582400.000000
281474976710655.000000	7.078807	90301	606677630976.000000
281474976710655.000000	7.171957	90302	606678679552.000000
281474976710655.000000	7.238037	90303	606679728128.000000
281474976710655.000000	7.477302	90304	606680776704.000000
281474976710655.000000	7.268416	90305	606681825280.000000
281474976710655.000000	7.175677	90306	606682873856.000000
281474976710655.000000	7.375926	90307	606683922432.000000
