crossing time (s)	slope (V/s)	crossing number
281474976710655.000000	3.098074	87233	0.000000
281474976710655.000000	2.758333	87234	0.000000
281474976710655.000000	2.760993	87235	602883358720.000000
281474976710655.000000	3.111812	87236	602884407296.000000
281474976710655.000000	2.820112	87237	602885455872.000000
281474976710655.000000	2.917528	87238	602886504448.000000
281474976710655.000000	3.225784	87239	602887487488.000000
281474976710655.000000	3.187636	87240	602888536064.000000
281474976710655.000000	3.226208	87241	602889584640.000000
281474976710655.000000	3.403560	87242	602890633216.000000
281474976710655.000000	3.419327	87243	602891681792.000000
281474976710655.000000	3.450938	87244	602892730368.000000
281474976710655.000000	3.540321	87245	602893778944.000000
281474976710655.000000	3.831758	87246	602894827520.000000
281474976710655.000000	3.820277	87247	602895876096.000000
281474976710655.000000	3.922157	87248	602896924672.000000
281474976710655.000000	4.053376	87249	602897973248.000000
281474976710655.000000	4.140974	87250	602899021824.000000
281474976710655.000000	4.155257	87251	602900070400.000000
281474976710655.000000	4.435966	87252	602901118976.000000
281474976710655.000000	4.308893	87253	602902167552.000000
281474976710655.000000	4.483627	87254	602903216128.000000
281474976710655.000000	4.569589	87255	602904264704.000000
281474976710655.000000	4.572456	87256	602905247744.000000
281474976710655.000000	4.699254	87257	602906296320.000000
281474976710655.000000	4.895059	87258	602907344896.000000
281474976710655.000000	4.788525	87259	602908393472.000000
281474976710655.000000	4.938366	87260	602909442048.000000
281474976710655.000000	5.138257	87261	602910490624.000000
281474976710655.000000	5.243983	87262	602911539200.000000
281474976710655.000000	5.258097	87263	602912587776.000000
281474976710655.000000	5.577853	87264	602913636352.000000
281474976710655.000000	5.539625	87265	602914684928.000000
281474976710655.000000	5.659141	87266	602915733504.000000
281474976710655.000000	5.649347	87267	602916782080.000000
281474976710655.000000	5.624991	87268	602917830656.000000
281474976710655.000000	5.598622	87269	602918879232.000000
281474976710655.000000	5.697136	87270	602919862272.000000
281474976710655.000000	6.323096	87271	602920976384.000000
281474976710655.000000	6.274041	87272	602921959424.000000
281474976710655.000000	5.898553	87273	602923008000.000000
281474976710655.000000	6.159739	87274	602924056576.000000
281474976710655.000000	6.570106	87275	602925105152.000000
281474976710655.000000	6.473446	87276	602926153728.000000
281474976710655.000000	6.501829	87277	602927202304.000000
281474976710655.000000	6.864867	87278	602928250880.000000
281474976710655.000000	6.802350	87279	602929299456.000000
281474976710655.000000	6.689099	87280	602930348032.000000
281474976710655.000000	6.865223	87281	602931396608.000000
281474976710655.000000	6.912826	87282	602932445184.000000
281474976710655.000000	6.856930	87283	602933493760.000000
281474976710655.000000	7.057933	87284	602934476800.000000
281474976710655.000000	7.740735	87285	602935525376.000000
281474976710655.000000	7.493009	87286	602936573952.000000
281474976710655.000000	7.089651	87287	602937622528.000000
281474976710655.000000	7.538159	87288	602938671104.000000
281474976710655.000000	7.697311	87289	602939719680.000000
281474976710655.000000	7.893881	87290	602940768256.000000
281474976710655.000000	8.173646	87291	602941816832.000000
281474976710655.000000	7.815765	87292	602942865408.000000
281474976710655.000000	7.489422	87293	602943913984.000000
281474976710655.000000	8.084919	87294	602944962560.000000
281474976710655.000000	8.106765	87295	602946011136.000000
281474976710655.000000	8.031858	87296	602947059712.000000
281474976710655.000000	8.222272	87297	602948108288.000000
281474976710655.000000	7.998750	87298	602949091328.000000
281474976710655.000000	8.323874	87299	602950139904.000000
281474976710655.000000	8.631760	87300	602951188480.000000
281474976710655.000000	8.339704	87301	602952237056.000000
281474976710655.000000	8.670305	87302	602953285632.000000
281474976710655.000000	8.822915	87303	602954334208.000000
281474976710655.000000	9.111872	87304	602955382784.000000
281474976710655.000000	8.953776	87305	602956431360.000000
281474976710655.000000	8.598199	87306	602957479936.000000
281474976710655.000000	8.485988	87307	602958528512.000000
281474976710655.000000	8.818980	87308	602959577088.000000
281474976710655.000000	9.070183	87309	602960625664.000000
281474976710655.000000	9.211514	87310	602961608704.000000
281474976710655.000000	9.585548	87311	602962657280.000000
281474976710655.000000	9.051908	87312	602963705856.000000
281474976710655.000000	9.228958	87313	602964754432.000000
281474976710655.000000	9.962115	87314	602965803008.000000
281474976710655.000000	9.589907	87315	602966851584.000000
281474976710655.000000	9.583602	87316	602967900160.000000
281474976710655.000000	9.831864	87317	602968948736.000000
281474976710655.000000	9.821668	87318	602969997312.000000
281474976710655.000000	9.801039	87319	602971045888.000000
281474976710655.000000	9.873361	87320	602972094464.000000
281474976710655.000000	9.616042	87321	602973143040.000000
281474976710655.000000	9.577960	87322	602974191616.000000
281474976710655.000000	9.654896	87323	602975174656.000000
281474976710655.000000	10.412767	87324	602976223232.000000
281474976710655.000000	10.779520	87325	602977271808.000000
281474976710655.000000	10.693474	87326	602978320384.000000
281474976710655.000000	10.039228	87327	602979368960.000000
281474976710655.000000	9.891938	87328	602980417536.000000
281474976710655.000000	10.434260	87329	602981466112.000000
281474976710655.000000	10.729388	87330	602982514688.000000
281474976710655.000000	10.543387	87331	602983563264.000000
281474976710655.000000	10.500271	87332	602984611840.000000
281474976710655.000000	10.434875	87333	602985660416.000000
281474976710655.000000	10.140401	87334	602986708992.000000
281474976710655.000000	10.431853	87335	602987692032.000000
281474976710655.000000	11.578059	87336	602988740608.000000
281474976710655.000000	10.816821	87337	602989789184.000000
281474976710655.000000	10.905960	87338	602990837760.000000
281474976710655.000000	11.431041	87339	602991886336.000000
281474976710655.000000	11.150546	87340	602992934912.000000
281474976710655.000000	10.533971	87341	602993983488.000000
281474976710655.000000	10.818865	87342	602995032064.000000
281474976710655.000000	10.974336	87343	602996080640.000000
281474976710655.000000	11.130450	87344	602997129216.000000
281474976710655.000000	11.369453	87345	602998177792.000000
281474976710655.000000	11.117507	87346	602999160832.000000
281474976710655.000000	11.353944	87347	603000274944.000000
281474976710655.000000	10.841023	87348	603001257984.000000
281474976710655.000000	11.311302	87349	603002306560.000000
281474976710655.000000	11.825270	87350	603003355136.000000
281474976710655.000000	11.551149	87351	603004403712.000000
281474976710655.000000	11.522083	87352	603005452288.000000
281474976710655.000000	11.944359	87353	603006500864.000000
281474976710655.000000	11.665985	87354	603007549440.000000
281474976710655.000000	11.404499	87355	603008598016.000000
281474976710655.000000	11.962142	87356	603009646592.000000
281474976710655.000000	11.630439	87357	603010695168.000000
281474976710655.000000	11.340082	87358	603011678208.000000
