time (s)	energy (uJ)	charge (mC)	voltage (mV)	crossing#mod 255
602883.341494	57.233932	0.022627	2.529465	195
602884.414619	68.462807	0.022588	3.030923	196
602885.441528	66.273354	0.022590	2.933779	197
602886.511493	62.096451	0.022612	2.746131	198
602887.470427	64.330406	0.022568	2.850459	199
602888.543531	74.453819	0.022617	3.292009	200
602889.617281	71.656952	0.022620	3.167892	201
602890.640839	75.930717	0.022620	3.356730	202
602891.678074	76.064362	0.022582	3.368321	203
602892.916763	16.519136	0.022612	0.730540	204
602893.762062	76.926903	0.022578	3.407146	205
602894.837574	77.019318	0.022612	3.406149	206
602895.906885	71.598701	0.022569	3.172444	207
602896.920879	77.375122	0.022535	3.433575	208
602898.002363	72.235443	0.022632	3.191735	209
602899.063659	60.923229	0.022574	2.698840	210
602900.078672	72.299088	0.022580	3.201918	211
602901.127248	73.068398	0.022599	3.233206	212
602902.200886	59.841747	0.022605	2.647264	213
602903.249220	57.635582	0.022526	2.558659	214
602904.304313	59.618793	0.022571	2.641413	215
602905.277523	93.842155	0.022567	4.158331	216
602906.292951	96.842041	0.022650	4.275670	217
602907.353357	89.836052	0.022607	3.973740	218
602908.425068	77.667236	0.022542	3.445397	219
602909.450715	84.179810	0.022541	3.734478	220
602910.547959	50.393337	0.022564	2.233367	221
602911.518054	100.131447	0.022544	4.441506	222
602912.605734	79.119553	0.022578	3.504273	223
602913.669844	65.912865	0.022588	2.918041	224
602914.644925	102.409981	0.022561	4.539348	225
602915.741175	74.101006	0.022561	3.284418	226
602916.811787	62.065121	0.022568	2.750166	227
602917.816461	79.014771	0.022586	3.498441	228
602918.886654	71.511742	0.022579	3.167205	229
602919.842952	103.113991	0.022569	4.568789	230
602920.985941	59.205647	0.022580	2.622084	231
602922.000753	73.077248	0.022550	3.240655	232
602922.980434	105.686707	0.022560	4.684763	233
602924.074754	86.521553	0.022569	3.833703	234
602925.111693	94.680786	0.022584	4.192447	235
602926.161990	79.743454	0.022583	3.531075	236
602927.235663	74.066910	0.022599	3.277379	237
602928.285135	55.782696	0.022643	2.463563	238
602929.332118	66.723701	0.022606	2.951648	239
602930.357441	160.016418	0.022578	7.087425	240
602931.355474	107.009964	0.022562	4.742855	241
602932.454139	61.619564	0.022535	2.734334	242
602933.502314	60.597538	0.022564	2.685633	243
602934.484835	109.491013	0.022593	4.846274	244
602935.502449	126.504028	0.022552	5.609387	245
602936.581475	93.000084	0.022590	4.116845	246
602937.605198	110.788261	0.022599	4.902293	247
602938.679881	87.901573	0.022555	3.897212	248
602939.704647	107.853546	0.022561	4.780452	249
602940.776463	78.546761	0.022606	3.474586	250
602941.825258	73.758675	0.022616	3.261315	251
602942.899934	51.232853	0.022560	2.270931	252
602943.922384	70.717842	0.022590	3.130437	253
602944.970402	57.514454	0.022599	2.544971	254
602945.995434	78.038498	0.022562	3.458826	255
602947.066550	48.251225	0.022516	2.142985	0
602948.115279	48.561630	0.022580	2.150611	1
602949.121874	77.438538	0.022525	3.437940	2
602950.148220	100.344994	0.022527	4.454378	3
602951.196791	85.087349	0.022564	3.770941	4
602952.270862	70.786507	0.022588	3.133758	5
602953.296901	73.274681	0.022580	3.245164	6
602954.342217	82.239571	0.022586	3.641217	7
602955.391591	61.489960	0.022553	2.726429	8
602956.438632	68.283394	0.022528	3.031102	9
602957.464721	73.046242	0.022530	3.242115	10
602958.514428	78.085556	0.022578	3.458454	11
602959.610231	27.366219	0.022595	1.211150	12
602960.607358	68.189407	0.022582	3.019578	13
602961.616294	100.344688	0.022540	4.451842	14
602962.693967	67.682266	0.022557	3.000433	15
602963.723161	63.702789	0.022549	2.825143	16
602964.764417	85.410759	0.022555	3.786779	17
602965.844146	38.936611	0.022543	1.727251	18
602966.813449	122.507591	0.022553	5.432069	19
602967.936289	38.777489	0.022562	1.718719	20
602968.957882	62.504353	0.022585	2.767512	21
602970.005813	53.476589	0.022549	2.371587	22
602971.054703	49.303791	0.022544	2.186995	23
602972.078038	64.230141	0.022550	2.848342	24
602973.152324	40.824684	0.022553	1.810181	25
602974.232781	16.318583	0.022556	0.723459	26
602975.181776	99.576439	0.022562	4.413466	27
602976.231187	88.379349	0.022576	3.914698	28
602977.279426	80.184235	0.022507	3.562663	29
602978.280719	134.392532	0.022548	5.960212	30
602979.400184	49.633629	0.022550	2.201073	31
602980.401110	89.634430	0.022546	3.975654	32
602981.473465	57.555519	0.022554	2.551898	33
602982.496325	73.820930	0.022573	3.270305	34
602983.540041	74.103325	0.022578	3.282042	35
602984.619411	39.783024	0.022550	1.764252	36
602985.700763	15.690738	0.022563	0.695427	37
602986.717096	115.036659	0.022567	5.097619	38
602987.687998	110.607452	0.022541	4.906880	39
602988.726091	113.371178	0.022556	5.026180	40
602989.771750	105.958893	0.022566	4.695477	41
602990.845522	70.307419	0.022544	3.118615	42
602991.894333	64.526138	0.022597	2.855575	43
602992.918324	77.227692	0.022550	3.424700	44
602993.931925	124.662483	0.022547	5.529087	45
602995.015891	65.460411	0.022542	2.903958	46
602996.088313	44.546497	0.022546	1.975845	47
602997.105803	57.098934	0.022552	2.531861	48
602998.185673	35.120014	0.022586	1.554935	49
602999.157108	101.703857	0.022545	4.511134	50
603000.304218	18.102747	0.022558	0.802497	51
603001.241041	101.221024	0.022517	4.495399	52
603002.314124	81.901703	0.022545	3.632798	53
603003.391914	31.138975	0.022552	1.380746	54
603004.411791	64.025551	0.022576	2.835952	55
603005.460562	47.687466	0.022569	2.112989	56
603006.543440	22.013357	0.022573	0.975189	57
603007.557085	36.404964	0.022547	1.614615	58
603008.560538	91.773582	0.022548	4.070060	59
603009.655247	25.505100	0.022545	1.131300	60
603010.703111	30.689774	0.022545	1.361282	61
603011.686324	85.970047	0.022565	3.809962	62
