time (s)	energy (uJ)	charge (mC)	voltage (mV)	crossing#mod 255
4461.149115	275.113342	0.033438	8.227684	216
4462.195152	95.344452	0.033373	2.856904	217
4463.242308	89.971001	0.033415	2.692518	218
4464.285353	85.882416	0.033427	2.569263	219
4465.337679	83.404869	0.033403	2.496908	220
4466.375932	89.453102	0.033409	2.677495	221
4467.427019	90.290276	0.033424	2.701338	222
4468.464819	91.432510	0.033403	2.737236	223
4469.520675	80.092293	0.033419	2.396619	224
4470.556879	82.973030	0.033369	2.486503	225
4471.610865	83.347343	0.033394	2.495903	226
4472.647604	90.077461	0.033342	2.701599	227
4473.695399	87.071167	0.033405	2.606504	228
4474.741574	81.581459	0.033411	2.441727	229
4475.783899	79.787148	0.033373	2.390748	230
4476.834165	80.120079	0.033371	2.400877	231
4477.871671	81.777840	0.033358	2.451553	232
4478.925192	79.816696	0.033403	2.389493	233
4479.958100	79.296982	0.033407	2.373647	234
4481.017929	78.711823	0.033324	2.362019	235
4482.046151	80.456879	0.033359	2.411855	236
4483.103436	79.058464	0.033351	2.370523	237
4484.139847	73.387085	0.033393	2.197663	238
4485.190131	73.721840	0.033389	2.207978	239
4486.232172	73.905533	0.033358	2.215522	240
4487.272331	76.622612	0.033349	2.297565	241
4488.326492	69.599876	0.033353	2.086787	242
4489.357482	74.516464	0.033386	2.231953	243
4490.416480	71.866386	0.033389	2.152369	244
4491.444880	71.067139	0.033323	2.132662	245
4492.502793	69.613953	0.033361	2.086685	246
4493.537065	69.828972	0.033342	2.094343	247
4494.587146	60.111164	0.033346	1.802635	248
4495.629423	70.877998	0.033350	2.125280	249
4496.669128	68.467812	0.033336	2.053849	250
4497.721049	68.119843	0.033350	2.042551	251
4498.754646	67.070557	0.033330	2.012345	252
4499.812110	65.331764	0.033337	1.959758	253
4500.841277	65.940140	0.033367	1.976225	254
4501.897377	66.437927	0.033311	1.994455	255
4502.929316	62.154800	0.033343	1.864129	0
4503.985390	63.576229	0.033381	1.904564	1
4505.018875	62.620605	0.033372	1.876469	2
4506.070411	64.357445	0.033331	1.930853	3
4507.107831	60.050404	0.033309	1.802839	4
4508.155284	61.550468	0.033351	1.845535	5
4509.198236	56.326847	0.033333	1.689816	6
4510.243543	61.088665	0.033371	1.830596	7
4511.282454	60.396061	0.033330	1.812082	8
4512.328030	61.592316	0.033360	1.846282	9
4513.370452	55.249107	0.033340	1.657129	10
4514.417336	57.021542	0.033327	1.710974	11
4515.456968	54.711861	0.033328	1.641625	12
4516.502951	59.725185	0.033321	1.792427	13
4517.543644	56.158257	0.033360	1.683387	14
4518.591198	51.925095	0.033336	1.557617	15
4519.628483	53.841103	0.033323	1.615717	16
4520.680045	54.372650	0.033325	1.631565	17
4521.715781	53.545338	0.033372	1.604513	18
4522.766645	55.163300	0.033372	1.652959	19
4523.800849	53.091610	0.033292	1.594708	20
4524.851421	47.920685	0.033319	1.438230	21
4525.889110	52.140053	0.033315	1.565070	22
4526.935468	55.516037	0.033293	1.667474	23
4527.979121	52.017403	0.033358	1.559367	24
4529.019339	52.769661	0.033362	1.581723	25
4530.069442	49.640121	0.033315	1.490010	26
4531.101925	52.048126	0.033300	1.563006	27
4532.160127	49.279015	0.033328	1.478616	28
4533.185967	52.013466	0.033330	1.560539	29
4534.245608	48.491791	0.033334	1.454746	30
4535.273398	50.396141	0.033357	1.510813	31
4536.330533	48.330227	0.033327	1.450174	32
4537.359908	50.042793	0.033318	1.501976	33
4538.414849	46.507961	0.033325	1.395597	34
4539.450380	40.819939	0.033348	1.224048	35
4540.498045	47.044468	0.033299	1.412788	36
4541.540161	48.371929	0.033321	1.451688	37
4542.582009	45.567074	0.033332	1.367056	38
4543.626520	47.925957	0.033327	1.438062	39
4544.667628	43.575611	0.033312	1.308107	40
4545.715881	46.748337	0.033343	1.402060	41
4546.752823	83.871330	0.033340	2.515617	42
4547.801381	47.527687	0.033342	1.425475	43
4548.837350	44.295494	0.033321	1.329359	44
4549.890406	44.845058	0.033338	1.345155	45
4550.921850	43.212315	0.033318	1.296979	46
4551.973646	46.268478	0.033309	1.389054	47
4553.009972	42.213161	0.033308	1.267354	48
4554.060228	45.517570	0.033304	1.366725	49
4555.093866	43.029022	0.033276	1.293105	50
4556.145918	44.909492	0.033410	1.344178	51
4557.180833	41.654015	0.033345	1.249192	52
4558.231715	44.899872	0.033299	1.348371	53
4559.267973	40.047470	0.033303	1.202534	54
4560.319636	42.867512	0.033311	1.286885	55
4561.354387	39.836472	0.033303	1.196189	56
4562.402597	43.093609	0.033311	1.293664	57
4563.441509	39.381176	0.033322	1.181843	58
4564.488922	41.669926	0.033317	1.250725	59
4565.527672	40.152561	0.033323	1.204962	60
4566.571445	41.904972	0.033312	1.257943	61
4567.615991	38.501419	0.033272	1.157175	62
4568.654087	42.075043	0.033305	1.263320	63
4569.704129	38.459801	0.033301	1.154910	64
4570.736168	41.902962	0.033298	1.258419	65
4571.793597	259.860443	0.033318	7.799422	66
4572.822066	40.637226	0.033296	1.220479	67
4573.879360	37.834270	0.033273	1.137096	68
4574.909054	38.907490	0.033265	1.169610	69
4575.963809	38.261414	0.033288	1.149408	70
4576.994248	39.852226	0.033306	1.196532	71
4578.047916	37.048073	0.033335	1.111372	72
4579.083758	37.944508	0.033302	1.139413	73
4580.131128	37.368183	0.033293	1.122393	74
4581.170769	40.295597	0.033297	1.210173	75
4582.214667	36.953529	0.033294	1.109924	76
4583.259746	37.059757	0.033330	1.111896	77
4584.298890	36.944572	0.033329	1.108472	78
4585.346417	38.042484	0.033270	1.143437	79
4586.382754	35.634468	0.033293	1.070318	80
4587.432661	37.236717	0.033328	1.117265	81
4588.468197	35.163651	0.033310	1.055654	82
4589.518590	37.337673	0.033316	1.120728	83
4590.552749	30.285019	0.033291	0.909698	84
4591.603577	37.609592	0.033298	1.129497	85
4592.640414	33.384064	0.033323	1.001830	86
4593.689283	37.132732	0.033298	1.115163	87
4594.725098	33.068298	0.033285	0.993493	88
4595.775351	36.307930	0.033258	1.091713	89
4596.809389	33.989868	0.033317	1.020190	90
4597.963526	5.104751	0.033284	0.153370	91
4598.895207	33.582661	0.033295	1.008636	92
4599.946331	35.798065	0.033311	1.074677	93
4600.981808	32.622955	0.033295	0.979813	94
4602.033835	34.720749	0.033293	1.042878	95
4603.067495	32.622475	0.033289	0.979991	96
4604.117232	35.181347	0.033318	1.055934	97
4605.153770	27.586651	0.033290	0.828688	98
4606.201522	34.746132	0.033287	1.043832	99
4607.240174	32.146252	0.033292	0.965575	100
4608.285523	34.962082	0.033290	1.050235	101
