crossing time (s)	slope (V/s)	crossing number
281474976710655.000000	3.774910	3029	0.000000
281474976710655.000000	3.730835	3030	0.000000
281474976710655.000000	3.800036	3031	0.000000
281474976710655.000000	3.741206	3032	4461137408.000000
281474976710655.000000	3.849230	3033	4462183424.000000
281474976710655.000000	3.950525	3034	4463231488.000000
281474976710655.000000	4.023416	3035	4464273920.000000
281474976710655.000000	4.103870	3036	4465327104.000000
281474976710655.000000	4.232251	3037	4466363904.000000
281474976710655.000000	4.286671	3038	4467416064.000000
281474976710655.000000	4.330897	3039	4468453888.000000
281474976710655.000000	4.371871	3040	4469508096.000000
281474976710655.000000	4.499094	3041	4470546432.000000
281474976710655.000000	4.642950	3042	4471598592.000000
281474976710655.000000	4.723735	3043	4472637440.000000
281474976710655.000000	4.762682	3044	4473683968.000000
281474976710655.000000	4.702083	3045	4474730496.000000
281474976710655.000000	4.875417	3046	4475773440.000000
281474976710655.000000	5.017745	3047	4476823552.000000
281474976710655.000000	5.254330	3048	4477860864.000000
281474976710655.000000	5.124872	3049	4478914560.000000
281474976710655.000000	5.198004	3050	4479946752.000000
281474976710655.000000	5.344588	3051	4481006592.000000
281474976710655.000000	5.609817	3052	4482035712.000000
281474976710655.000000	5.342531	3053	4483092992.000000
281474976710655.000000	5.407022	3054	4484128256.000000
281474976710655.000000	5.608276	3055	4485178368.000000
281474976710655.000000	5.789760	3056	4486221824.000000
281474976710655.000000	5.836166	3057	4487261184.000000
281474976710655.000000	5.651800	3058	4488315392.000000
281474976710655.000000	5.986079	3059	4489346560.000000
281474976710655.000000	6.041206	3060	4490405376.000000
281474976710655.000000	6.104724	3061	4491434496.000000
281474976710655.000000	5.984828	3062	4492490752.000000
281474976710655.000000	5.982604	3063	4493526016.000000
281474976710655.000000	6.180220	3064	4494576128.000000
281474976710655.000000	6.264263	3065	4495618560.000000
281474976710655.000000	6.419852	3066	4496657920.000000
281474976710655.000000	6.327761	3067	4497710592.000000
281474976710655.000000	6.524953	3068	4498743808.000000
281474976710655.000000	6.426017	3069	4499800064.000000
281474976710655.000000	6.807509	3070	4500829696.000000
281474976710655.000000	6.510262	3071	4501886464.000000
281474976710655.000000	6.655356	3072	4502918656.000000
281474976710655.000000	6.737443	3073	4503973888.000000
281474976710655.000000	6.936349	3074	4505007616.000000
281474976710655.000000	6.938916	3075	4506058240.000000
281474976710655.000000	6.860787	3076	4507096064.000000
281474976710655.000000	6.792576	3077	4508144128.000000
281474976710655.000000	6.896071	3078	4509185536.000000
281474976710655.000000	7.107852	3079	4510231040.000000
281474976710655.000000	7.236310	3080	4511271424.000000
281474976710655.000000	7.191225	3081	4512316928.000000
281474976710655.000000	7.075231	3082	4513359360.000000
281474976710655.000000	7.152022	3083	4514405376.000000
281474976710655.000000	7.322925	3084	4515445760.000000
281474976710655.000000	7.423398	3085	4516492800.000000
281474976710655.000000	7.535734	3086	4517531136.000000
281474976710655.000000	7.491851	3087	4518580224.000000
281474976710655.000000	7.562132	3088	4519617536.000000
281474976710655.000000	7.557937	3089	4520668160.000000
281474976710655.000000	7.763508	3090	4521703424.000000
281474976710655.000000	7.699109	3091	4522755584.000000
281474976710655.000000	7.908047	3092	4523790848.000000
281474976710655.000000	7.739139	3093	4524840448.000000
281474976710655.000000	7.987566	3094	4525878272.000000
281474976710655.000000	7.902884	3095	4526924800.000000
281474976710655.000000	7.884982	3096	4527967744.000000
281474976710655.000000	7.926531	3097	4529008128.000000
281474976710655.000000	7.873100	3098	4530058240.000000
281474976710655.000000	7.992437	3099	4531091456.000000
281474976710655.000000	8.002882	3100	4532147200.000000
281474976710655.000000	8.069530	3101	4533175296.000000
281474976710655.000000	8.119695	3102	4534235136.000000
281474976710655.000000	8.318320	3103	4535262208.000000
281474976710655.000000	8.052618	3104	4536320000.000000
281474976710655.000000	8.492964	3105	4537350144.000000
281474976710655.000000	8.265362	3106	4538404352.000000
281474976710655.000000	8.333131	3107	4539439104.000000
281474976710655.000000	8.442348	3108	4540486656.000000
281474976710655.000000	8.424884	3109	4541528064.000000
281474976710655.000000	8.537784	3110	4542570496.000000
281474976710655.000000	8.348953	3111	4543616512.000000
281474976710655.000000	8.407817	3112	4544655360.000000
281474976710655.000000	8.561131	3113	4545703936.000000
281474976710655.000000	8.691305	3114	4546740224.000000
281474976710655.000000	8.539712	3115	4547790336.000000
281474976710655.000000	8.756299	3116	4548825600.000000
281474976710655.000000	8.483964	3117	4549878272.000000
281474976710655.000000	8.640628	3118	4550911488.000000
281474976710655.000000	8.598432	3119	4551962624.000000
281474976710655.000000	8.742382	3120	4552999424.000000
281474976710655.000000	8.795093	3121	4554049024.000000
281474976710655.000000	8.926519	3122	4555083264.000000
281474976710655.000000	8.715641	3123	4556134912.000000
281474976710655.000000	9.189392	3124	4557169664.000000
281474976710655.000000	8.838572	3125	4558221312.000000
281474976710655.000000	9.070942	3126	4559256064.000000
281474976710655.000000	9.006107	3127	4560306688.000000
281474976710655.000000	9.002631	3128	4561341952.000000
281474976710655.000000	8.940491	3129	4562391552.000000
281474976710655.000000	9.139278	3130	4563429888.000000
281474976710655.000000	9.201534	3131	4564475904.000000
281474976710655.000000	9.321876	3132	4565516800.000000
281474976710655.000000	9.063777	3133	4566559744.000000
281474976710655.000000	9.099863	3134	4567605248.000000
281474976710655.000000	9.310531	3135	4568643584.000000
281474976710655.000000	9.204059	3136	4569693184.000000
281474976710655.000000	9.275762	3137	4570725376.000000
281474976710655.000000	9.252013	3138	4571782144.000000
281474976710655.000000	9.579556	3139	4572811264.000000
281474976710655.000000	9.260448	3140	4573867520.000000
281474976710655.000000	9.536757	3141	4574897152.000000
281474976710655.000000	9.377306	3142	4575952384.000000
281474976710655.000000	9.663073	3143	4576983552.000000
281474976710655.000000	9.364600	3144	4578036736.000000
281474976710655.000000	9.637303	3145	4579072000.000000
281474976710655.000000	9.568458	3146	4580120064.000000
281474976710655.000000	9.731237	3147	4581160448.000000
281474976710655.000000	9.593030	3148	4582203904.000000
281474976710655.000000	9.673088	3149	4583247360.000000
281474976710655.000000	9.714892	3150	4584287744.000000
281474976710655.000000	9.597991	3151	4585334784.000000
281474976710655.000000	9.778492	3152	4586372096.000000
281474976710655.000000	9.770955	3153	4587421696.000000
281474976710655.000000	9.989482	3154	4588456960.000000
281474976710655.000000	9.687962	3155	4589507072.000000
281474976710655.000000	9.940856	3156	4590542336.000000
281474976710655.000000	9.741461	3157	4591592448.000000
281474976710655.000000	9.918369	3158	4592627712.000000
281474976710655.000000	9.790250	3159	4593678848.000000
281474976710655.000000	10.068714	3160	4594713600.000000
281474976710655.000000	9.961030	3161	4595764224.000000
281474976710655.000000	9.968377	3162	4596799488.000000
281474976710655.000000	9.825485	3163	4597850112.000000
281474976710655.000000	10.154113	3164	4598884864.000000
281474976710655.000000	9.987342	3165	4599935488.000000
281474976710655.000000	10.259944	3166	4600970752.000000
281474976710655.000000	10.063551	3167	4602020864.000000
281474976710655.000000	10.312700	3168	4603056640.000000
281474976710655.000000	9.944327	3169	4604105728.000000
281474976710655.000000	10.346999	3170	4605143040.000000
281474976710655.000000	10.138558	3171	4606190592.000000
281474976710655.000000	10.243836	3172	4607229440.000000
281474976710655.000000	10.086279	3173	4608274944.000000
