crossing time (s)	slope (V/s)	crossing number
281474976710655.000000	2.929996	87087	0.000000
281474976710655.000000	2.969956	87088	602719059968.000000
281474976710655.000000	2.951704	87089	602720108544.000000
281474976710655.000000	2.986064	87090	602721157120.000000
281474976710655.000000	3.015267	87091	602722205696.000000
281474976710655.000000	3.229111	87092	602723254272.000000
281474976710655.000000	3.227512	87093	602724302848.000000
281474976710655.000000	3.487822	87094	602725351424.000000
281474976710655.000000	3.395347	87095	602726400000.000000
281474976710655.000000	3.556168	87096	602727383040.000000
281474976710655.000000	3.480699	87097	602728431616.000000
281474976710655.000000	3.645526	87098	602729480192.000000
281474976710655.000000	3.788325	87099	602730528768.000000
281474976710655.000000	3.846601	87100	602731577344.000000
281474976710655.000000	3.989331	87101	602732625920.000000
281474976710655.000000	4.164219	87102	602733674496.000000
281474976710655.000000	4.027455	87103	602734723072.000000
281474976710655.000000	4.232415	87104	602735771648.000000
281474976710655.000000	4.378753	87105	602736820224.000000
281474976710655.000000	4.499686	87106	602737868800.000000
281474976710655.000000	4.570959	87107	602738917376.000000
281474976710655.000000	4.655620	87108	602739965952.000000
281474976710655.000000	4.692727	87109	602741014528.000000
281474976710655.000000	4.829496	87110	602742063104.000000
281474976710655.000000	4.828684	87111	602743111680.000000
281474976710655.000000	4.862668	87112	602744160256.000000
281474976710655.000000	5.054523	87113	602745143296.000000
281474976710655.000000	5.224574	87114	602746191872.000000
281474976710655.000000	5.030157	87115	602747240448.000000
281474976710655.000000	5.351844	87116	602748289024.000000
281474976710655.000000	5.531444	87117	602749337600.000000
281474976710655.000000	5.707324	87118	602750386176.000000
281474976710655.000000	5.611005	87119	602751434752.000000
281474976710655.000000	5.597183	87120	602752483328.000000
281474976710655.000000	5.874581	87121	602753531904.000000
281474976710655.000000	5.990579	87122	602754580480.000000
281474976710655.000000	5.898165	87123	602755629056.000000
281474976710655.000000	6.056129	87124	602756677632.000000
281474976710655.000000	6.144053	87125	602757726208.000000
281474976710655.000000	5.873341	87126	602758709248.000000
281474976710655.000000	6.408298	87127	602759823360.000000
281474976710655.000000	6.085599	87128	602760806400.000000
281474976710655.000000	6.522057	87129	602761854976.000000
281474976710655.000000	7.132042	87130	602762903552.000000
281474976710655.000000	6.836405	87131	602763952128.000000
281474976710655.000000	6.785471	87132	602765000704.000000
281474976710655.000000	6.872238	87133	602766049280.000000
281474976710655.000000	6.878312	87134	602767097856.000000
281474976710655.000000	7.063036	87135	602768146432.000000
281474976710655.000000	7.555774	87136	602769195008.000000
281474976710655.000000	7.281160	87137	602770243584.000000
281474976710655.000000	6.972920	87138	602771292160.000000
281474976710655.000000	7.116717	87139	602772340736.000000
281474976710655.000000	7.307169	87140	602773389312.000000
281474976710655.000000	7.460944	87141	602774372352.000000
281474976710655.000000	8.123560	87142	602775420928.000000
281474976710655.000000	7.837526	87143	602776469504.000000
281474976710655.000000	7.622904	87144	602777518080.000000
281474976710655.000000	7.829270	87145	602778566656.000000
281474976710655.000000	8.014830	87146	602779615232.000000
281474976710655.000000	8.054932	87147	602780663808.000000
281474976710655.000000	8.414031	87148	602781712384.000000
281474976710655.000000	8.055762	87149	602782760960.000000
281474976710655.000000	7.980044	87150	602783809536.000000
281474976710655.000000	8.547648	87151	602784858112.000000
281474976710655.000000	8.645130	87152	602785906688.000000
281474976710655.000000	7.897516	87153	602786955264.000000
281474976710655.000000	8.086823	87154	602787938304.000000
281474976710655.000000	9.159740	87155	602788986880.000000
281474976710655.000000	9.650155	87156	602790035456.000000
281474976710655.000000	8.935870	87157	602791084032.000000
281474976710655.000000	8.454672	87158	602792132608.000000
281474976710655.000000	9.089225	87159	602793181184.000000
281474976710655.000000	9.386277	87160	602794229760.000000
281474976710655.000000	8.908041	87161	602795278336.000000
281474976710655.000000	9.346139	87162	602796326912.000000
281474976710655.000000	9.278662	87163	602797375488.000000
281474976710655.000000	8.870658	87164	602798424064.000000
281474976710655.000000	9.672807	87165	602799472640.000000
281474976710655.000000	9.563075	87166	602800455680.000000
281474976710655.000000	9.225636	87167	602801504256.000000
281474976710655.000000	9.465807	87168	602802552832.000000
281474976710655.000000	9.918670	87169	602803601408.000000
281474976710655.000000	10.192105	87170	602804649984.000000
281474976710655.000000	9.801538	87171	602805698560.000000
281474976710655.000000	9.789186	87172	602806747136.000000
281474976710655.000000	9.680900	87173	602807795712.000000
281474976710655.000000	9.957499	87174	602808844288.000000
281474976710655.000000	10.295802	87175	602809892864.000000
281474976710655.000000	9.936213	87176	602810941440.000000
281474976710655.000000	9.744715	87177	602811990016.000000
281474976710655.000000	9.938643	87178	602813038592.000000
281474976710655.000000	9.830912	87179	602814021632.000000
281474976710655.000000	10.707979	87180	602815070208.000000
281474976710655.000000	11.237002	87181	602816118784.000000
281474976710655.000000	10.902034	87182	602817167360.000000
281474976710655.000000	10.155009	87183	602818215936.000000
281474976710655.000000	10.214834	87184	602819264512.000000
281474976710655.000000	10.783479	87185	602820313088.000000
281474976710655.000000	10.768257	87186	602821361664.000000
281474976710655.000000	10.756272	87187	602822410240.000000
281474976710655.000000	10.970959	87188	602823458816.000000
281474976710655.000000	10.449450	87189	602824507392.000000
281474976710655.000000	10.712329	87190	602825490432.000000
281474976710655.000000	11.481730	87191	602826539008.000000
281474976710655.000000	10.793067	87192	602827587584.000000
281474976710655.000000	10.738599	87193	602828636160.000000
281474976710655.000000	11.457805	87194	602829684736.000000
281474976710655.000000	11.817410	87195	602830733312.000000
281474976710655.000000	11.407069	87196	602831781888.000000
281474976710655.000000	10.947398	87197	602832830464.000000
281474976710655.000000	11.015547	87198	602833879040.000000
281474976710655.000000	11.432446	87199	602834927616.000000
281474976710655.000000	11.046675	87200	602835976192.000000
281474976710655.000000	11.455571	87201	602837024768.000000
281474976710655.000000	11.479789	87202	602838007808.000000
281474976710655.000000	11.563676	87203	602839056384.000000
281474976710655.000000	11.658043	87204	602840104960.000000
281474976710655.000000	11.862655	87205	602841153536.000000
281474976710655.000000	11.788856	87206	602842202112.000000
281474976710655.000000	11.654917	87207	602843250688.000000
281474976710655.000000	12.110397	87208	602844299264.000000
281474976710655.000000	12.346635	87209	602845347840.000000
281474976710655.000000	11.600084	87210	602846396416.000000
281474976710655.000000	11.782584	87211	602847444992.000000
281474976710655.000000	11.790274	87212	602848493568.000000
281474976710655.000000	11.901194	87213	602849542144.000000
