time (s)	energy (uJ)	charge (mC)	voltage (mV)	crossing#mod 255
605306.037582	59.528507	0.022167	2.685481	6
605307.084753	55.696529	0.022108	2.519306	7
605308.120722	54.289097	0.022158	2.450081	8
605309.182750	65.157196	0.022150	2.941628	9
605310.239630	69.126549	0.022184	3.116019	10
605311.246734	56.151379	0.022183	2.531251	11
605312.298041	65.266312	0.022145	2.947169	12
605313.377267	71.459763	0.022149	3.226298	13
605314.452912	75.877586	0.022151	3.425482	14
605315.483159	69.737335	0.022155	3.147722	15
605316.424585	45.942467	0.022155	2.073666	16
605317.622350	101.185158	0.022164	4.565263	17
605318.564069	73.113800	0.022139	3.302449	18
605319.612583	73.985832	0.022095	3.348492	19
605320.650540	82.322479	0.022147	3.717075	20
605321.749842	82.436150	0.022166	3.719035	21
605322.715363	72.701324	0.022134	3.284640	22
605323.784029	72.369736	0.022135	3.269536	23
605324.855128	91.592575	0.022141	4.136815	24
605326.200244	-10.217487	0.022125	-0.461798	25
605326.942088	91.790543	0.022164	4.141514	26
605328.024504	87.154625	0.022157	3.933456	27
605329.038796	93.049454	0.022166	4.197855	28
605330.088154	92.968430	0.022122	4.202459	29
605331.070518	88.638412	0.022131	4.005255	30
605332.186091	94.906387	0.022137	4.287234	31
605333.169670	94.468582	0.022120	4.270806	32
605334.217028	92.756485	0.022130	4.191509	33
605335.266548	91.655334	0.022125	4.142594	34
605336.312663	94.131187	0.022186	4.242898	35
605337.349699	108.881157	0.022128	4.920581	36
605338.410849	91.426537	0.022128	4.131660	37
605339.457298	105.958435	0.022097	4.795113	38
605340.535050	99.415527	0.022139	4.490535	39
605341.583496	95.562073	0.022140	4.316290	40
605342.579332	106.944031	0.022105	4.838035	41
605343.621199	118.486191	0.022117	5.357256	42
605344.701181	100.081337	0.022132	4.522100	43
605345.685199	108.315857	0.022140	4.892234	44
605346.767272	109.760529	0.022145	4.956352	45
605347.757006	106.123695	0.022083	4.805776	46
605348.830288	109.169296	0.022081	4.943956	47
605349.880127	116.093689	0.022124	5.247425	48
605350.927953	117.953255	0.022131	5.329803	49
605352.008998	97.600311	0.022109	4.414498	50
605353.048891	106.162758	0.022109	4.801690	51
605354.105846	110.955292	0.022112	5.017789	52
605355.110048	122.417564	0.022115	5.535458	53
605356.171411	108.827286	0.022129	4.917757	54
605357.219325	110.318619	0.022151	4.980311	55
605358.242742	125.195358	0.022148	5.652624	56
605359.275788	135.831741	0.022131	6.137564	57
605360.275699	118.450676	0.022103	5.359007	58
605361.348536	125.473015	0.022108	5.675450	59
605362.396731	134.946884	0.022112	6.102814	60
605363.471078	115.284630	0.022100	5.216608	61
605364.517716	123.701805	0.022092	5.599480	62
605365.543040	129.453094	0.022103	5.856855	63
605366.621777	96.971069	0.022074	4.393059	64
605367.650089	116.016396	0.022102	5.249061	65
605368.698071	108.195877	0.022111	4.893286	66
605369.736317	108.777588	0.022125	4.916488	67
605370.760628	130.158569	0.022098	5.890137	68
605371.834822	98.005539	0.022101	4.434460	69
605372.817363	147.331802	0.022117	6.661470	70
605373.816991	112.825203	0.022052	5.116415	71
605374.959530	151.094635	0.022103	6.836082	72
605375.940613	149.414902	0.022129	6.752072	73
605377.011172	133.862885	0.022135	6.047613	74
605378.047665	140.334549	0.022093	6.351933	75
605379.085625	154.207993	0.022104	6.976585	76
605380.182983	95.221054	0.022092	4.310123	77
605381.205640	118.128677	0.022129	5.338180	78
605382.274940	86.367973	0.022108	3.906673	79
605383.338879	50.455151	0.022132	2.279764	80
605384.383759	60.140022	0.022090	2.722482	81
605385.288197	114.346535	0.022086	5.177253	82
605386.359214	151.770203	0.022092	6.869882	83
605387.464873	108.199837	0.022067	4.903349	84
605388.467448	150.812302	0.022093	6.826178	85
605389.540046	130.748840	0.022085	5.920204	86
605390.576792	146.196899	0.022087	6.619159	87
605391.614082	144.068222	0.022098	6.519460	88
605392.639832	163.994400	0.022119	7.414329	89
605393.758209	58.432335	0.022077	2.646751	90
605394.771597	114.242020	0.022120	5.164669	91
605395.844361	58.746822	0.022091	2.659323	92
605396.901804	50.571407	0.022104	2.287874	93
605397.879725	136.936264	0.022083	6.200856	94
605398.900124	160.247543	0.022107	7.248672	95
605399.948150	152.620438	0.022055	6.919913	96
605401.022613	128.825638	0.022122	5.823339	97
605402.046047	138.627151	0.022059	6.284427	98
605403.093917	151.650284	0.022095	6.863548	99
605404.170127	69.713303	0.022115	3.152364	100
605405.191023	127.424255	0.022093	5.767695	101
605406.241505	97.612785	0.022083	4.420206	102
605407.291694	109.760765	0.022075	4.972185	103
605408.370382	32.093090	0.022098	1.452316	104
605409.437182	28.945889	0.022121	1.308544	105
605411.471333	88.974167	0.022099	4.026248	107
605412.516716	49.491463	0.022078	2.241639	108
605413.546626	112.636642	0.022051	5.108099	109
605414.563736	142.361771	0.022080	6.447591	110
605415.599767	164.033875	0.022079	7.429477	111
605416.681941	79.395279	0.022094	3.593490	112
605417.682820	164.168839	0.022102	7.427627	113
605418.757500	102.094810	0.022079	4.624036	114
605419.805791	101.898964	0.022083	4.614355	115
605420.855154	77.261208	0.022092	3.497218	116
605421.913444	62.508175	0.022100	2.828483	117
605422.916949	119.468544	0.022083	5.409986	118
605423.912788	179.702850	0.022092	8.134345	119
605424.992973	146.132812	0.022056	6.625545	120
605426.032635	152.716095	0.022066	6.920997	121
605427.080255	141.090439	0.022105	6.382847	122
605428.155852	81.077339	0.022169	3.657307	123
605429.177766	114.350792	0.022107	5.172656	124
605430.226027	113.349701	0.022075	5.134707	125
605431.263004	119.980270	0.022088	5.432028	126
605432.324199	87.034714	0.022104	3.937547	127
605433.323460	172.711502	0.022083	7.821163	128
605434.397420	110.947067	0.022085	5.023703	129
605435.470708	53.943893	0.022098	2.441151	130
605436.452144	171.248489	0.022089	7.752721	131
605437.535669	90.440903	0.022103	4.091864	132
605438.575844	95.858856	0.022106	4.336267	133
605439.597893	138.297806	0.022042	6.274322	134
605440.676756	59.844795	0.022048	2.714269	135
605441.695575	111.686310	0.022081	5.057987	136
605442.744948	102.260643	0.022109	4.625328	137
605443.791529	90.059280	0.022092	4.076540	138
