crossing time (s)	slope (V/s)	crossing number
281474976710655.000000	3.061213	89091	0.000000
281474976710655.000000	3.064291	89092	0.000000
281474976710655.000000	2.952220	89093	0.000000
281474976710655.000000	3.001399	89094	605306028032.000000
281474976710655.000000	3.236040	89095	605307076608.000000
281474976710655.000000	3.223207	89096	605308125184.000000
281474976710655.000000	3.159888	89097	605309173760.000000
281474976710655.000000	3.335129	89098	605310222336.000000
281474976710655.000000	3.436547	89099	605311270912.000000
281474976710655.000000	3.534602	89100	605312319488.000000
281474976710655.000000	3.523267	89101	605313368064.000000
281474976710655.000000	3.556736	89102	605314416640.000000
281474976710655.000000	3.670805	89103	605315465216.000000
281474976710655.000000	3.828365	89104	605316448256.000000
281474976710655.000000	3.854008	89105	605317562368.000000
281474976710655.000000	4.046020	89106	605318545408.000000
281474976710655.000000	3.974797	89107	605319593984.000000
281474976710655.000000	4.119201	89108	605320642560.000000
281474976710655.000000	4.127131	89109	605321691136.000000
281474976710655.000000	4.340935	89110	605322739712.000000
281474976710655.000000	4.376786	89111	605323788288.000000
281474976710655.000000	4.382879	89112	605324836864.000000
281474976710655.000000	4.556262	89113	605325885440.000000
281474976710655.000000	4.705454	89114	605326934016.000000
281474976710655.000000	4.642031	89115	605327982592.000000
281474976710655.000000	4.801418	89116	605329031168.000000
281474976710655.000000	4.956280	89117	605330079744.000000
281474976710655.000000	5.031264	89118	605331062784.000000
281474976710655.000000	5.041801	89119	605332176896.000000
281474976710655.000000	5.619733	89120	605333159936.000000
281474976710655.000000	4.999403	89121	605334208512.000000
281474976710655.000000	5.197994	89122	605335257088.000000
281474976710655.000000	5.788417	89123	605336305664.000000
281474976710655.000000	5.587275	89124	605337354240.000000
281474976710655.000000	5.491333	89125	605338402816.000000
281474976710655.000000	6.032136	89126	605339451392.000000
281474976710655.000000	5.892165	89127	605340499968.000000
281474976710655.000000	5.867185	89128	605341548544.000000
281474976710655.000000	6.283324	89129	605342597120.000000
281474976710655.000000	6.460827	89130	605343645696.000000
281474976710655.000000	6.247721	89131	605344694272.000000
281474976710655.000000	6.684905	89132	605345677312.000000
281474976710655.000000	6.389124	89133	605346725888.000000
281474976710655.000000	6.298673	89134	605347774464.000000
281474976710655.000000	6.646661	89135	605348823040.000000
281474976710655.000000	7.018439	89136	605349871616.000000
281474976710655.000000	7.194298	89137	605350920192.000000
281474976710655.000000	7.155877	89138	605351968768.000000
281474976710655.000000	6.928320	89139	605353017344.000000
281474976710655.000000	7.329700	89140	605354065920.000000
281474976710655.000000	7.805091	89141	605355114496.000000
281474976710655.000000	7.743410	89142	605356163072.000000
281474976710655.000000	7.828982	89143	605357211648.000000
281474976710655.000000	8.148519	89144	605358260224.000000
281474976710655.000000	7.905978	89145	605359243264.000000
281474976710655.000000	7.894425	89146	605360291840.000000
281474976710655.000000	8.517641	89147	605361340416.000000
281474976710655.000000	8.396296	89148	605362388992.000000
281474976710655.000000	8.012834	89149	605363437568.000000
281474976710655.000000	9.002042	89150	605364486144.000000
281474976710655.000000	8.970244	89151	605365534720.000000
281474976710655.000000	8.559018	89152	605366583296.000000
281474976710655.000000	9.018997	89153	605367631872.000000
281474976710655.000000	9.724755	89154	605368680448.000000
281474976710655.000000	9.032244	89155	605369729024.000000
281474976710655.000000	9.550520	89156	605370777600.000000
281474976710655.000000	10.064409	89157	605371826176.000000
281474976710655.000000	9.666093	89158	605372809216.000000
281474976710655.000000	9.321929	89159	605373857792.000000
281474976710655.000000	10.329036	89160	605374906368.000000
281474976710655.000000	9.996161	89161	605375954944.000000
281474976710655.000000	9.445799	89162	605377003520.000000
281474976710655.000000	10.355587	89163	605378052096.000000
281474976710655.000000	10.930265	89164	605379100672.000000
281474976710655.000000	9.994698	89165	605380149248.000000
281474976710655.000000	10.637170	89166	605381197824.000000
281474976710655.000000	11.246704	89167	605382246400.000000
281474976710655.000000	11.123541	89168	605383294976.000000
281474976710655.000000	11.392612	89169	605384343552.000000
281474976710655.000000	11.920097	89170	605385326592.000000
281474976710655.000000	10.861699	89171	605386375168.000000
281474976710655.000000	10.443264	89172	605387423744.000000
281474976710655.000000	11.329556	89173	605388472320.000000
281474976710655.000000	12.208054	89174	605389520896.000000
281474976710655.000000	12.400894	89175	605390569472.000000
281474976710655.000000	11.801440	89176	605391618048.000000
281474976710655.000000	11.640591	89177	605392666624.000000
281474976710655.000000	12.363040	89178	605393715200.000000
281474976710655.000000	12.528085	89179	605394763776.000000
281474976710655.000000	13.496792	89180	605395812352.000000
281474976710655.000000	13.191332	89181	605396860928.000000
281474976710655.000000	12.711175	89182	605397843968.000000
281474976710655.000000	12.225227	89183	605398892544.000000
281474976710655.000000	12.674399	89184	605399941120.000000
281474976710655.000000	13.259320	89185	605400989696.000000
281474976710655.000000	12.741437	89186	605402038272.000000
281474976710655.000000	14.341353	89187	605403086848.000000
281474976710655.000000	13.781051	89188	605404135424.000000
281474976710655.000000	12.553158	89189	605405184000.000000
281474976710655.000000	13.518879	89190	605406232576.000000
281474976710655.000000	14.541476	89191	605407281152.000000
281474976710655.000000	14.441675	89192	605408329728.000000
281474976710655.000000	14.084397	89193	605409378304.000000
281474976710655.000000	14.675138	89194	605410361344.000000
281474976710655.000000	13.522512	89195	605411475456.000000
281474976710655.000000	14.123911	89196	605412458496.000000
281474976710655.000000	15.091823	89197	605413507072.000000
281474976710655.000000	15.037787	89198	605414555648.000000
281474976710655.000000	14.287931	89199	605415604224.000000
281474976710655.000000	14.366834	89200	605416652800.000000
281474976710655.000000	14.634407	89201	605417701376.000000
281474976710655.000000	16.572086	89202	605418749952.000000
281474976710655.000000	16.363749	89203	605419798528.000000
281474976710655.000000	15.179001	89204	605420847104.000000
281474976710655.000000	14.941422	89205	605421895680.000000
281474976710655.000000	15.433120	89206	605422944256.000000
281474976710655.000000	16.943958	89207	605423927296.000000
281474976710655.000000	16.016520	89208	605424975872.000000
281474976710655.000000	15.300982	89209	605426024448.000000
281474976710655.000000	16.194220	89210	605427073024.000000
281474976710655.000000	15.811536	89211	605428121600.000000
281474976710655.000000	16.262814	89212	605429170176.000000
281474976710655.000000	16.828487	89213	605430218752.000000
281474976710655.000000	16.683105	89214	605431267328.000000
281474976710655.000000	16.569815	89215	605432315904.000000
281474976710655.000000	17.562292	89216	605433364480.000000
281474976710655.000000	17.437220	89217	605434413056.000000
281474976710655.000000	16.721273	89218	605435461632.000000
281474976710655.000000	16.825504	89219	605436444672.000000
281474976710655.000000	16.980034	89220	605437493248.000000
281474976710655.000000	16.210815	89221	605438541824.000000
281474976710655.000000	17.669485	89222	605439590400.000000
281474976710655.000000	17.780155	89223	605440638976.000000
281474976710655.000000	17.487398	89224	605441687552.000000
281474976710655.000000	18.179998	89225	605442736128.000000
281474976710655.000000	17.940571	89226	605443784704.000000
