crossing time (s)	slope (V/s)	crossing number
281474976710655.000000	3.144711	89556	0.000000
281474976710655.000000	3.178457	89557	605893689344.000000
281474976710655.000000	3.268690	89558	605894803456.000000
281474976710655.000000	3.225171	89559	605895786496.000000
281474976710655.000000	3.161099	89560	605896835072.000000
281474976710655.000000	3.308923	89561	605897883648.000000
281474976710655.000000	3.406876	89562	605898932224.000000
281474976710655.000000	3.465762	89563	605899980800.000000
281474976710655.000000	3.360695	89564	605901029376.000000
281474976710655.000000	3.438101	89565	605902077952.000000
281474976710655.000000	3.456385	89566	605903126528.000000
281474976710655.000000	3.516963	89567	605904175104.000000
281474976710655.000000	3.582258	89568	605905223680.000000
281474976710655.000000	3.589666	89569	605906272256.000000
281474976710655.000000	3.494706	89570	605907320832.000000
281474976710655.000000	3.554929	89571	605908303872.000000
281474976710655.000000	3.615804	89572	605909417984.000000
281474976710655.000000	3.636730	89573	605910401024.000000
281474976710655.000000	3.706159	89574	605911449600.000000
281474976710655.000000	3.880884	89575	605912498176.000000
281474976710655.000000	3.767191	89576	605913546752.000000
281474976710655.000000	3.903485	89577	605914595328.000000
281474976710655.000000	3.909564	89578	605915643904.000000
281474976710655.000000	3.826258	89579	605916692480.000000
281474976710655.000000	4.037160	89580	605917741056.000000
281474976710655.000000	4.051919	89581	605918789632.000000
281474976710655.000000	3.981996	89582	605919838208.000000
281474976710655.000000	4.001120	89583	605920886784.000000
281474976710655.000000	3.965340	89584	605921935360.000000
281474976710655.000000	4.096534	89585	605922918400.000000
281474976710655.000000	4.245517	89586	605923966976.000000
281474976710655.000000	4.126149	89587	605925015552.000000
281474976710655.000000	4.096856	89588	605926064128.000000
281474976710655.000000	4.249939	89589	605927112704.000000
281474976710655.000000	4.235676	89590	605928161280.000000
281474976710655.000000	4.231421	89591	605929209856.000000
281474976710655.000000	4.313044	89592	605930258432.000000
281474976710655.000000	4.390730	89593	605931307008.000000
281474976710655.000000	4.392085	89594	605932355584.000000
281474976710655.000000	4.460432	89595	605933404160.000000
281474976710655.000000	4.378960	89596	605934452736.000000
281474976710655.000000	4.397856	89597	605935435776.000000
281474976710655.000000	4.488289	89598	605936549888.000000
281474976710655.000000	4.680070	89599	605937532928.000000
281474976710655.000000	4.523377	89600	605938581504.000000
281474976710655.000000	4.528759	89601	605939630080.000000
281474976710655.000000	4.608090	89602	605940678656.000000
281474976710655.000000	4.722508	89603	605941727232.000000
281474976710655.000000	4.714910	89604	605942775808.000000
281474976710655.000000	4.819852	89605	605943824384.000000
281474976710655.000000	4.704854	89606	605944872960.000000
281474976710655.000000	4.685259	89607	605945921536.000000
281474976710655.000000	4.795232	89608	605946970112.000000
281474976710655.000000	4.917722	89609	605948018688.000000
281474976710655.000000	4.884404	89610	605949067264.000000
281474976710655.000000	4.899153	89611	605950050304.000000
281474976710655.000000	4.814127	89612	605951098880.000000
281474976710655.000000	4.827534	89613	605952147456.000000
281474976710655.000000	4.986536	89614	605953196032.000000
281474976710655.000000	5.231631	89615	605954244608.000000
281474976710655.000000	5.056751	89616	605955293184.000000
281474976710655.000000	4.987945	89617	605956341760.000000
281474976710655.000000	4.974233	89618	605957390336.000000
281474976710655.000000	5.098804	89619	605958438912.000000
281474976710655.000000	5.176253	89620	605959487488.000000
281474976710655.000000	5.334596	89621	605960536064.000000
281474976710655.000000	5.119028	89622	605961584640.000000
281474976710655.000000	5.143246	89623	605962567680.000000
281474976710655.000000	5.082181	89624	605963681792.000000
281474976710655.000000	5.329741	89625	605964664832.000000
281474976710655.000000	5.396250	89626	605965713408.000000
281474976710655.000000	5.439077	89627	605966761984.000000
281474976710655.000000	5.212554	89628	605967810560.000000
281474976710655.000000	5.219674	89629	605968859136.000000
281474976710655.000000	5.397438	89630	605969907712.000000
281474976710655.000000	5.539215	89631	605970956288.000000
281474976710655.000000	5.452500	89632	605972004864.000000
281474976710655.000000	5.446770	89633	605973053440.000000
281474976710655.000000	5.358188	89634	605974102016.000000
281474976710655.000000	5.477240	89635	605975085056.000000
281474976710655.000000	5.540380	89636	605976199168.000000
281474976710655.000000	5.752800	89637	605977182208.000000
281474976710655.000000	5.630736	89638	605978230784.000000
281474976710655.000000	5.528532	89639	605979279360.000000
281474976710655.000000	5.482375	89640	605980327936.000000
281474976710655.000000	5.624519	89641	605981376512.000000
281474976710655.000000	5.829566	89642	605982425088.000000
281474976710655.000000	5.961889	89643	605983473664.000000
281474976710655.000000	5.621919	89644	605984522240.000000
281474976710655.000000	5.606860	89645	605985570816.000000
281474976710655.000000	5.681112	89646	605986619392.000000
281474976710655.000000	5.956527	89647	605987602432.000000
281474976710655.000000	5.925701	89648	605988716544.000000
281474976710655.000000	6.039203	89649	605989699584.000000
281474976710655.000000	5.738595	89650	605990748160.000000
281474976710655.000000	5.711621	89651	605991796736.000000
281474976710655.000000	5.882827	89652	605992845312.000000
281474976710655.000000	6.174349	89653	605993893888.000000
281474976710655.000000	6.088449	89654	605994942464.000000
281474976710655.000000	6.039846	89655	605995991040.000000
281474976710655.000000	5.853867	89656	605997039616.000000
281474976710655.000000	5.952230	89657	605998088192.000000
281474976710655.000000	6.165097	89658	605999136768.000000
281474976710655.000000	6.379564	89659	606000119808.000000
281474976710655.000000	6.064154	89660	606001233920.000000
281474976710655.000000	6.199276	89661	606002216960.000000
281474976710655.000000	6.030729	89662	606003265536.000000
281474976710655.000000	6.059424	89663	606004314112.000000
281474976710655.000000	6.255784	89664	606005362688.000000
281474976710655.000000	6.381928	89665	606006411264.000000
281474976710655.000000	6.153037	89666	606007459840.000000
281474976710655.000000	6.211171	89667	606008508416.000000
281474976710655.000000	6.247252	89668	606009556992.000000
281474976710655.000000	6.310706	89669	606010605568.000000
281474976710655.000000	6.484153	89670	606011654144.000000
281474976710655.000000	6.588584	89671	606012637184.000000
281474976710655.000000	6.238858	89672	606013751296.000000
281474976710655.000000	6.268414	89673	606014734336.000000
281474976710655.000000	6.399976	89674	606015782912.000000
281474976710655.000000	6.443696	89675	606016831488.000000
281474976710655.000000	6.520492	89676	606017880064.000000
281474976710655.000000	6.525616	89677	606018928640.000000
281474976710655.000000	6.387091	89678	606019977216.000000
281474976710655.000000	6.421729	89679	606021025792.000000
281474976710655.000000	6.531565	89680	606022074368.000000
281474976710655.000000	6.690482	89681	606023122944.000000
281474976710655.000000	6.564252	89682	606024171520.000000
281474976710655.000000	6.651577	89683	606025154560.000000
