time (s)	energy (uJ)	charge (mC)	voltage (mV)	crossing#mod 255
3235.605810	89.707550	0.013719	6.538781	207
3236.646692	56.308804	0.013726	4.102360	208
3237.691459	57.637764	0.013733	4.197129	209
3238.735370	59.508278	0.013758	4.325408	210
3239.777202	57.463581	0.013715	4.189810	211
3240.821809	58.532440	0.013692	4.274942	212
3241.863620	61.218269	0.013715	4.463455	213
3242.905243	59.294193	0.013713	4.324064	214
3243.948762	59.022381	0.013695	4.309787	215
3244.992962	61.770500	0.013739	4.496136	216
3246.033851	57.888554	0.013741	4.212920	217
3247.079532	57.827202	0.013695	4.222639	218
3248.121054	63.291512	0.013730	4.609862	219
3249.165333	62.270908	0.013696	4.546726	220
3250.206542	60.876053	0.013713	4.439250	221
3251.250456	63.981277	0.013714	4.665284	222
3252.294358	64.967461	0.013716	4.736783	223
3253.336572	63.395348	0.013757	4.608326	224
3254.379736	64.688652	0.013710	4.718406	225
3255.421644	66.248245	0.013709	4.832335	226
3256.465266	65.100266	0.013739	4.738484	227
3257.507033	66.194771	0.013731	4.820728	228
3258.551296	66.975685	0.013760	4.867537	229
3259.593293	66.541733	0.013735	4.844801	230
3260.637625	66.400116	0.013704	4.845345	231
3261.679709	68.441978	0.013704	4.994299	232
3262.723855	67.624321	0.013690	4.939863	233
3263.761731	68.585495	0.013706	5.004017	234
3264.810255	68.534943	0.013728	4.992340	235
3265.852807	69.119453	0.013708	5.042144	236
3266.895499	69.630997	0.013727	5.072590	237
3267.940045	70.023567	0.013707	5.108761	238
3268.981076	70.054619	0.013716	5.107384	239
3270.023550	70.691666	0.013727	5.149780	240
3271.066928	70.331856	0.013707	5.131227	241
3272.111544	71.241829	0.013708	5.196930	242
3273.154581	71.329330	0.013703	5.205302	243
3274.196380	72.466835	0.013725	5.280021	244
3275.238333	71.532448	0.013703	5.220328	245
3276.282471	72.249001	0.013708	5.270521	246
3277.324612	72.153748	0.013721	5.258636	247
3278.369717	72.936943	0.013731	5.311688	248
3279.412132	73.910522	0.013730	5.383042	249
3280.455743	74.073685	0.013740	5.391250	250
3281.495783	74.006218	0.013733	5.388814	251
3282.540136	73.917198	0.013731	5.383281	252
3283.583266	73.673904	0.013718	5.370765	253
3284.624347	75.223030	0.013701	5.490378	254
3285.668282	74.345070	0.013681	5.434259	255
3286.712627	74.388985	0.013677	5.438875	0
3287.754399	74.227127	0.013696	5.419740	1
3288.798598	75.424934	0.013720	5.497501	2
3289.840400	75.507744	0.013700	5.511462	3
3290.884745	74.137894	0.013705	5.409514	4
3291.926534	75.175888	0.013692	5.490300	5
3292.967108	76.370659	0.013745	5.556286	6
3294.011912	75.745445	0.013708	5.525488	7
3295.056277	76.053886	0.013698	5.551994	8
3296.097802	76.599869	0.013705	5.589240	9
3297.141923	76.650108	0.013702	5.594118	10
3298.183787	77.240562	0.013731	5.625139	11
3299.227789	75.770607	0.013666	5.544414	12
3300.268523	77.822006	0.013726	5.669477	13
3301.314208	77.149811	0.013740	5.614989	14
3302.355698	77.324928	0.013710	5.640132	15
3303.400599	76.345345	0.013704	5.571025	16
3304.442144	77.735954	0.013679	5.682665	17
3305.484851	77.057907	0.013719	5.616793	18
3306.527935	77.858559	0.013728	5.671470	19
3307.570126	78.731979	0.013714	5.740808	20
3308.612565	78.142899	0.013693	5.706602	21
3309.656834	76.845276	0.013707	5.606342	22
3310.700145	77.519516	0.013688	5.663287	23
3311.743477	76.992439	0.013696	5.621483	24
3312.784191	78.305054	0.013703	5.714238	25
3313.828273	77.426132	0.013686	5.657362	26
3314.868744	79.577202	0.013703	5.807282	27
3315.914704	77.429367	0.013702	5.651118	28
3316.958782	77.482300	0.013682	5.663201	29
3318.000027	77.839279	0.013757	5.658220	30
3319.040859	79.145256	0.013726	5.765986	31
3320.086194	78.273560	0.013757	5.689712	32
3321.127232	80.171768	0.013716	5.844937	33
3322.171348	78.263527	0.013735	5.698255	34
3323.213236	79.265884	0.013709	5.782104	35
3324.258311	77.024422	0.013691	5.626006	36
3325.298162	79.675400	0.013693	5.818727	37
3326.341741	79.052460	0.013698	5.771086	38
3327.385284	80.229225	0.013725	5.845490	39
3328.428802	76.573975	0.013684	5.596018	40
3329.469824	78.657173	0.013707	5.738475	41
3330.513931	77.591736	0.013699	5.664097	42
3331.555375	79.950432	0.013746	5.816061	43
3332.600557	77.334549	0.013681	5.652665	44
3333.641371	79.425468	0.013743	5.779457	45
3334.685113	78.350739	0.013725	5.708753	46
3335.727620	78.807930	0.013706	5.749879	47
3336.771398	77.165749	0.013704	5.630735	48
3337.813864	78.704636	0.013724	5.734922	49
3338.857240	76.142990	0.013673	5.569047	50
3339.899872	77.767159	0.013700	5.676480	51
3340.943753	76.347069	0.013701	5.572282	52
3341.984937	78.287003	0.013712	5.709321	53
3343.021415	82.485909	0.013725	6.010050	54
3344.070948	78.464821	0.013700	5.727546	55
3345.113033	77.923378	0.013714	5.681830	56
3346.156445	78.431831	0.013679	5.733709	57
3347.199604	77.835670	0.013700	5.681632	58
3348.242986	76.645363	0.013719	5.586617	59
3349.283995	78.081192	0.013726	5.688470	60
3350.328922	76.473633	0.013705	5.580119	61
3351.369940	77.821495	0.013713	5.674830	62
3352.413741	76.824150	0.013716	5.601259	63
3353.455948	76.953003	0.013697	5.618361	64
3354.499981	76.226158	0.013700	5.563882	65
3355.541813	76.382881	0.013699	5.575913	66
3356.584018	77.139961	0.013705	5.628452	67
3357.627039	76.572258	0.013718	5.581843	68
3358.669243	77.290527	0.013696	5.643339	69
3359.713988	74.805244	0.013721	5.451964	70
3360.756410	76.189156	0.013698	5.562074	71
3361.798494	75.450516	0.013675	5.517360	72
3362.841581	75.904137	0.013701	5.540094	73
3363.884198	75.237030	0.013700	5.491588	74
3364.927142	75.292648	0.013699	5.496210	75
