time (s)	energy (uJ)	charge (mC)	voltage (mV)	crossing#mod 255
3936.913331	141.696899	0.033368	4.246476	61
3937.961252	142.585205	0.033350	4.275421	62
3941.086667	148.775940	0.033418	4.452019	65
3942.134453	152.487488	0.033371	4.569471	66
3943.181056	153.276688	0.033366	4.593841	67
3944.221173	161.072998	0.033327	4.833170	68
3945.264694	151.441513	0.033295	4.548442	69
3946.315404	159.661438	0.033365	4.785304	70
3947.356278	171.079437	0.033322	5.134178	71
3948.401091	166.336884	0.033321	4.991964	72
3949.445369	162.074844	0.033359	4.858453	73
3950.490287	177.010345	0.033342	5.308982	74
3951.533078	180.681900	0.033353	5.417256	75
3952.577006	176.916367	0.033343	5.306028	76
3953.618136	171.408722	0.033320	5.144350	77
3954.666646	171.572418	0.033283	5.155020	78
3955.709045	178.817154	0.033250	5.378015	79
3956.756553	178.107971	0.033319	5.345597	80
3957.796682	181.611282	0.033421	5.434010	81
3958.843153	185.816483	0.033289	5.581922	82
3959.885492	182.807999	0.033341	5.482938	83
3960.932023	178.201096	0.033309	5.349920	84
3961.974761	185.418900	0.033282	5.571226	85
3963.016560	197.186691	0.033305	5.920646	86
3964.061121	194.218109	0.033310	5.830583	87
3965.104754	182.719009	0.033308	5.485724	88
3966.150439	191.873215	0.033303	5.761420	89
3967.194427	197.236496	0.033296	5.923800	90
3968.233134	196.485992	0.033308	5.899059	91
3969.284184	180.088181	0.033275	5.412110	92
3970.326781	206.654297	0.033289	6.207941	93
3971.367336	215.780319	0.033330	6.474127	94
3972.435352	152.358276	0.033290	4.576674	95
3973.460865	182.236572	0.033306	5.471649	96
3974.498486	202.596298	0.033324	6.079589	97
3975.542171	186.878967	0.033274	5.616399	98
3976.589640	178.187378	0.033292	5.352321	99
3977.632174	188.282181	0.033296	5.654858	100
3978.672951	191.719299	0.033323	5.753309	101
3979.719806	178.612152	0.033300	5.363736	102
3980.762638	185.698517	0.033333	5.571035	103
3981.803747	195.040146	0.033263	5.863553	104
3982.849445	182.939880	0.033330	5.488827	105
3983.894011	176.415253	0.033296	5.298411	106
3984.935211	193.470764	0.033320	5.806367	107
3985.980399	182.627335	0.033330	5.479342	108
3987.023347	174.661911	0.033279	5.248469	109
3988.067171	172.009399	0.033317	5.162761	110
3989.109859	185.618301	0.033297	5.574676	111
3990.153457	172.351837	0.033320	5.172643	112
3991.196680	177.658035	0.033288	5.337078	113
3992.243659	173.647263	0.033290	5.216215	114
3993.281659	177.223541	0.033284	5.324567	115
3994.327780	148.988388	0.033283	4.476467	116
3995.371751	177.548004	0.033289	5.333607	117
3996.411658	181.291336	0.033286	5.446459	118
3997.457042	173.919907	0.033315	5.220412	119
3998.499829	166.053024	0.033290	4.988081	120
3999.544222	173.880325	0.033327	5.217391	121
4000.586387	173.267212	0.033302	5.202868	122
4001.629766	132.861420	0.033318	3.987635	123
4002.674008	158.454788	0.033334	4.753509	124
4003.717376	168.013184	0.033297	5.045919	125
4004.760359	166.296097	0.033307	4.992760	126
4005.801853	171.701019	0.033281	5.159134	127
4006.845842	159.300400	0.033250	4.790972	128
4007.891258	160.117798	0.033318	4.805701	129
4008.931996	162.029892	0.033283	4.868177	130
4009.976450	163.590683	0.033257	4.918969	131
4011.018537	153.277924	0.033283	4.605323	132
4012.063354	156.255447	0.033314	4.690336	133
4013.106004	157.005310	0.033317	4.712445	134
4014.147768	160.411041	0.033287	4.819074	135
4015.192751	151.981918	0.033306	4.563193	136
4016.233998	156.918335	0.033271	4.716438	137
4017.279839	151.045685	0.033320	4.533252	138
4018.319790	161.141983	0.033282	4.841772	139
4019.363904	145.416992	0.033276	4.370040	140
4020.410917	150.182877	0.033315	4.507988	141
4021.449762	156.383911	0.033275	4.699693	142
4022.493469	149.016251	0.033278	4.477938	143
4023.539498	140.478928	0.033284	4.220658	144
4024.579553	152.506958	0.033320	4.577051	145
4025.623802	146.094559	0.033316	4.385130	146
4026.665694	149.120941	0.033313	4.476355	147
4027.709346	139.540665	0.033291	4.191560	148
4028.752516	151.083374	0.033289	4.538583	149
4029.796197	138.358429	0.033270	4.158708	150
4030.836606	140.567245	0.033284	4.223230	151
4031.883846	137.181198	0.033310	4.118325	152
4032.923999	148.800812	0.033311	4.467071	153
4033.966931	133.074844	0.033320	3.993844	154
4035.012492	136.394531	0.033274	4.099100	155
4036.053458	138.316208	0.033275	4.156775	156
4037.097101	142.398148	0.033289	4.277691	157
4038.139431	133.613953	0.033319	4.010140	158
4039.182924	130.850098	0.033289	3.930698	159
4040.227134	130.785736	0.033269	3.931138	160
4041.267083	137.861252	0.033309	4.138901	161
4042.311450	127.318352	0.033242	3.830094	162
4043.353589	130.050629	0.033284	3.907356	163
4044.398545	127.011177	0.033293	3.814994	164
4045.441410	133.418747	0.033332	4.002713	165
4046.484584	123.690010	0.033278	3.716866	166
4047.526670	134.495361	0.033252	4.044764	167
4048.569139	118.702202	0.033310	3.563550	168
4049.614257	123.217751	0.033310	3.699099	169
4050.656008	119.452133	0.033312	3.585902	170
4051.698775	127.650017	0.033282	3.835364	171
4052.741500	120.603447	0.033316	3.619941	172
4053.784204	125.893509	0.033278	3.783044	173
4054.827597	115.344902	0.033313	3.462426	174
4055.871535	114.534843	0.033303	3.439191	175
4056.915074	121.959526	0.033364	3.655444	176
4057.955677	122.955231	0.033274	3.695265	177
4059.000456	118.075424	0.033268	3.549200	178
4060.040592	124.572029	0.033268	3.744451	179
4061.086527	119.908195	0.033240	3.607304	180
4062.127739	120.744316	0.033286	3.627495	181
4063.170757	179.866348	0.033289	5.403114	182
4064.215534	112.110580	0.033299	3.366750	183
4065.258094	108.694160	0.033271	3.266914	184
4066.299123	120.474525	0.033272	3.620952	185
4067.343488	116.358315	0.033270	3.497375	186
4068.384788	115.733368	0.033261	3.479518	187
4069.431018	89.222198	0.033308	2.678726	188
4070.470691	102.684280	0.033299	3.083734	189
4071.515208	113.965492	0.033317	3.420692	190
4072.557632	114.744438	0.033236	3.452381	191
