time (s)	energy (uJ)	charge (mC)	voltage (mV)	crossing#mod 255
4624.703583	87.495483	0.033341	2.624271	116
4625.742801	94.442619	0.033343	2.832475	117
4626.799598	80.470657	0.033300	2.416572	118
4627.830748	90.063736	0.033291	2.705317	119
4628.899508	73.674950	0.033360	2.208482	120
4629.929279	87.984879	0.033322	2.640422	121
4630.985555	90.955391	0.033266	2.734164	122
4632.015063	98.474190	0.033307	2.956594	123
4633.078538	76.150490	0.033308	2.286224	124
4634.108592	87.429321	0.033293	2.626026	125
4635.176672	78.659744	0.033340	2.359346	126
4636.202827	91.793404	0.033325	2.754452	127
4637.264335	85.739990	0.033297	2.575031	128
4638.292149	91.316193	0.033308	2.741569	129
4639.353593	67.373108	0.033335	2.021075	130
4640.381516	87.707497	0.033296	2.634201	131
4641.452609	75.262688	0.033320	2.258759	132
4642.473879	88.575264	0.033289	2.660809	133
4643.535207	81.496330	0.033294	2.447793	134
4644.561669	87.505463	0.033258	2.631136	135
4645.627144	75.821754	0.033325	2.275193	136
4646.655002	83.057961	0.033289	2.495094	137
4647.718279	73.134590	0.033294	2.196648	138
4648.744190	82.698730	0.033275	2.485274	139
4649.802087	77.317520	0.033290	2.322513	140
4650.832359	82.521950	0.033287	2.479117	141
4651.895676	65.425835	0.033339	1.962454	142
4652.925936	80.411240	0.033275	2.416565	143
4653.984612	68.121986	0.033277	2.047096	144
4655.015096	75.348328	0.033294	2.263121	145
4656.070402	73.699333	0.033279	2.214589	146
4657.099301	80.638046	0.033288	2.422446	147
4658.161519	68.186989	0.033314	2.046792	148
4659.193008	75.570137	0.033369	2.264712	149
4660.247147	67.722374	0.033247	2.036950	150
4661.281968	71.437073	0.033311	2.144523	151
4662.335318	69.928070	0.033273	2.101642	152
4663.368689	74.986420	0.033280	2.253191	153
4664.424976	61.745834	0.033287	1.854928	154
4665.456488	209.202850	0.033287	6.284784	155
4666.510983	66.389565	0.033282	1.994786	156
4667.543854	69.257751	0.033273	2.081502	157
4668.599727	63.798397	0.033298	1.915959	158
4669.633692	69.683006	0.033312	2.091859	159
4670.689646	58.770061	0.033293	1.765233	160
4671.718413	67.618607	0.033284	2.031575	161
4672.774366	63.671127	0.033242	1.915407	162
4673.804845	67.158966	0.033283	2.017843	163
4674.865616	56.790363	0.033279	1.706486	164
4675.898280	64.616440	0.033269	1.942228	165
4676.947899	58.417870	0.033310	1.753764	166
4677.982356	61.879848	0.033265	1.860211	167
4679.034664	61.524590	0.033245	1.850639	168
4680.066222	63.961769	0.033239	1.924327	169
4681.127083	54.690392	0.033292	1.642771	170
4682.155148	53.542015	0.033274	1.609143	171
4683.212578	57.726028	0.033308	1.733094	172
4684.240867	59.667706	0.033236	1.795296	173
4685.300049	55.356419	0.033278	1.663453	174
4686.328322	59.061417	0.033268	1.775331	175
4687.388221	54.295319	0.033292	1.630867	176
4688.419021	56.838219	0.033310	1.706327	177
4689.473821	56.387348	0.033306	1.693002	178
4690.500745	58.543270	0.033269	1.759709	179
4691.560916	52.562328	0.033307	1.578104	180
4692.590063	55.982700	0.033267	1.682816	181
4693.645818	53.283260	0.033245	1.602724	182
4694.676655	55.017117	0.033275	1.653392	183
4695.734351	52.088768	0.033307	1.563885	184
4696.761646	55.756897	0.033265	1.676127	185
4697.821696	49.681541	0.033278	1.492917	186
4698.849900	53.220234	0.033264	1.599938	187
4699.905332	52.416000	0.033266	1.575665	188
4700.936818	52.580070	0.033307	1.578654	189
4701.991605	50.403439	0.033304	1.513421	190
4703.022038	52.660423	0.033268	1.582920	191
4704.079432	47.582848	0.033299	1.428969	192
4705.109847	50.706661	0.033313	1.522139	193
4706.166151	48.574875	0.033262	1.460380	194
4707.194112	51.955120	0.033270	1.561609	195
4708.250403	47.146412	0.033274	1.416924	196
4709.281929	48.809780	0.033367	1.462800	197
4710.337666	46.272942	0.033292	1.389924	198
4711.368319	48.881538	0.033257	1.469796	199
4712.422716	48.747890	0.033274	1.465046	200
4713.452637	49.571220	0.033273	1.489853	201
4714.511122	43.531723	0.033274	1.308291	202
4715.545004	44.239796	0.033270	1.329710	203
4716.597013	36.659630	0.033260	1.102223	204
4717.625696	47.716633	0.033299	1.432967	205
4718.682065	44.182178	0.033262	1.328318	206
4719.711819	46.311131	0.033293	1.391034	207
4720.776096	39.159748	0.033268	1.177103	208
4721.798119	39.638268	0.033300	1.190332	209
4722.854180	32.126171	0.033236	0.966606	210
4723.882584	46.433823	0.033272	1.395573	211
4724.941702	41.522766	0.033270	1.248037	212
4725.971767	43.536961	0.033264	1.308824	213
4727.027428	42.544491	0.033264	1.278977	214
4728.054643	43.924229	0.033264	1.320474	215
4729.113079	41.474304	0.033328	1.244416	216
4730.143266	43.512230	0.033270	1.307855	217
4731.198126	35.132149	0.033295	1.055169	218
4732.227612	42.505104	0.033252	1.278290	219
4733.284909	40.660427	0.033295	1.221205	220
4734.313292	43.139359	0.033271	1.296589	221
4735.371081	39.399994	0.033246	1.185092	222
4736.399482	42.510826	0.033255	1.278339	223
4737.455319	39.584160	0.033284	1.189275	224
4738.485457	41.250797	0.033252	1.240545	225
4739.541397	39.595364	0.033300	1.189067	226
4740.570618	41.951527	0.033273	1.260837	227
4741.628019	37.687523	0.033297	1.131871	228
4742.657672	34.675045	0.033256	1.042686	229
4743.714496	37.042946	0.033281	1.113040	230
4744.743369	40.506691	0.033204	1.219928	231
4745.798125	30.298677	0.033269	0.910705	232
4746.829801	40.340931	0.033248	1.213345	233
4747.883175	36.621647	0.033260	1.101077	234
4748.915472	38.911659	0.033295	1.168677	235
4749.969550	36.535671	0.033249	1.098840	236
4751.003587	189.003265	0.033279	5.679301	237
4752.056864	35.799114	0.033362	1.073047	238
4753.085661	39.003727	0.033263	1.172595	239
4754.140067	36.769707	0.033237	1.106284	240
4755.172418	38.285572	0.033254	1.151314	241
4756.226240	35.990082	0.033261	1.082053	242
