time (s)	energy (uJ)	charge (mC)	voltage (mV)	crossing#mod 255
607096.213822	14.958909	0.004986	3.000068	77
607097.195766	11.816253	0.004970	2.377559	78
607098.247809	11.211771	0.004980	2.251474	79
607099.295831	11.912939	0.004982	2.391019	80
607100.341953	11.997779	0.004967	2.415333	81
607101.390324	13.673125	0.004956	2.758713	82
607102.438403	12.282798	0.004973	2.469715	83
607103.488482	15.203531	0.004977	3.054536	84
607104.536294	13.822335	0.004967	2.782971	85
607105.584508	14.682103	0.004962	2.958827	86
607106.635326	14.969809	0.004969	3.012642	87
607107.616457	12.086250	0.004966	2.433960	88
607108.733168	15.333983	0.004965	3.088140	89
607109.713209	12.239140	0.004969	2.463013	90
607110.761799	12.848310	0.004970	2.585202	91
607111.825797	14.237057	0.004965	2.867566	92
607112.860396	12.790509	0.004973	2.572026	93
607113.910473	14.700676	0.004971	2.957504	94
607114.959176	14.380247	0.004958	2.900517	95
607116.004936	15.645760	0.004970	3.148243	96
607117.055054	14.935216	0.004979	2.999635	97
607118.101606	14.965896	0.004986	3.001379	98
607119.151662	15.145461	0.005000	3.029336	99
607120.133561	11.940863	0.004952	2.411089	100
607121.181711	12.134067	0.004970	2.441298	101
607122.231715	14.039061	0.004988	2.814774	102
607123.281724	13.855940	0.004981	2.781672	103
607124.332338	14.229981	0.004956	2.871297	104
607125.376327	15.054935	0.004971	3.028720	105
607126.426455	14.737421	0.004962	2.969911	106
607127.476523	15.521027	0.004967	3.124688	107
607128.524567	15.860960	0.004965	3.194850	108
607129.570529	15.569898	0.004958	3.140354	109
607130.622607	16.154222	0.004958	3.258302	110
607131.602515	13.082871	0.004965	2.635241	111
607132.654627	13.674486	0.004966	2.753833	112
607133.700653	17.472054	0.004977	3.510353	113
607134.748454	14.191134	0.004971	2.854917	114
607135.796643	15.359976	0.004964	3.094330	115
607136.847173	15.089853	0.004979	3.030650	116
607137.895165	15.830124	0.004994	3.170084	117
607138.943213	15.550438	0.004980	3.122292	118
607139.991120	15.935885	0.004960	3.212736	119
607141.039255	16.892757	0.004971	3.397977	120
607142.022847	13.203895	0.004967	2.658517	121
607143.074215	13.505877	0.004960	2.722837	122
607144.121359	13.978883	0.004972	2.811500	123
607145.171405	14.931365	0.004987	2.994119	124
607146.217243	15.047651	0.004966	3.030005	125
607147.266371	15.036987	0.004975	3.022329	126
607148.313460	16.109982	0.004962	3.246419	127
607149.362805	15.808478	0.004967	3.182904	128
607150.414896	16.839071	0.004969	3.388761	129
607151.459384	16.957346	0.004966	3.414816	130
607152.509453	16.136641	0.004974	3.244068	131
607153.491389	13.602332	0.004964	2.740177	132
607154.539961	13.947463	0.004969	2.806822	133
607155.588055	14.676518	0.004973	2.951265	134
607156.638118	14.757215	0.004991	2.956790	135
607157.685862	16.012735	0.004958	3.229989	136
607158.734099	15.534804	0.004976	3.121986	137
607159.782204	16.412104	0.004982	3.294059	138
607160.831217	16.080915	0.004968	3.236839	139
607161.880197	17.508316	0.004966	3.525353	140
607162.928773	16.838259	0.004966	3.390962	141
607163.912941	14.488574	0.004972	2.914220	142
607165.025800	16.958906	0.004971	3.411247	143
607166.011934	15.355165	0.004964	3.093245	144
607167.058484	14.760650	0.004977	2.965826	145
607168.106546	16.101171	0.004976	3.235865	146
607169.157495	15.767072	0.004955	3.182079	147
607170.204042	17.157560	0.004983	3.443127	148
607171.253002	15.940531	0.004976	3.203444	149
607172.305079	17.904655	0.004967	3.604405	150
607173.349541	17.206272	0.004966	3.464944	151
607174.399529	17.698357	0.004972	3.559370	152
607175.447548	17.446112	0.004969	3.511331	153
607176.430492	15.618659	0.004972	3.141093	154
607177.478503	14.741596	0.004975	2.962963	155
607178.527053	16.096720	0.004979	3.232633	156
607179.574984	15.877973	0.004969	3.195442	157
607180.625160	17.510427	0.004971	3.522171	158
607181.673732	16.433559	0.004977	3.302054	159
607182.721785	18.158497	0.004971	3.652730	160
607183.766841	17.091017	0.004969	3.439795	161
607184.819909	18.533087	0.004981	3.720520	162
607185.866352	18.066093	0.004962	3.640932	163
607186.848902	15.352264	0.004964	3.092633	164
607187.899002	14.920125	0.004975	2.998824	165
607188.946577	16.040545	0.004968	3.228972	166
607189.994974	15.616579	0.004968	3.143745	167
607191.045083	17.421276	0.004974	3.502715	168
607192.093118	17.099228	0.004997	3.421830	169
607193.140998	17.944370	0.004968	3.611930	170
607194.189181	17.592960	0.004969	3.540217	171
607195.237200	18.222639	0.004962	3.672278	172
607196.287221	18.565149	0.004993	3.718489	173
607197.335156	19.051762	0.004966	3.836734	174
607198.317703	15.549658	0.004972	3.127495	175
607199.367751	15.980701	0.004980	3.208825	176
607200.415782	16.300211	0.004984	3.270816	177
607201.463731	17.450836	0.004965	3.514520	178
607202.511841	17.366146	0.004975	3.490791	179
607203.563923	18.197968	0.004990	3.646570	180
607204.612910	18.863340	0.004948	3.812410	181
607205.661941	18.422092	0.004961	3.713361	182
607206.708105	19.282894	0.004984	3.869166	183
607207.756095	19.190632	0.004982	3.851968	184
607208.738093	15.782590	0.004968	3.176632	185
607209.786178	15.346104	0.004982	3.080196	186
607210.840251	16.997051	0.004963	3.424456	187
607211.884159	17.080965	0.004967	3.438735	188
607212.932279	17.576363	0.004970	3.536752	189
607213.982359	18.159986	0.004977	3.649068	190
607215.020755	18.290951	0.004970	3.680627	191
607216.078351	18.526735	0.004971	3.726738	192
607217.126433	19.515375	0.004965	3.930477	193
607218.176499	19.662695	0.004993	3.937902	194
607219.224299	18.982304	0.004964	3.823974	195
607220.275415	19.669676	0.004963	3.962976	196
607221.258426	16.848671	0.004981	3.382819	197
607222.304994	17.357243	0.004982	3.483887	198
607223.352882	17.406963	0.004962	3.507769	199
607224.401471	18.766428	0.004966	3.778860	200
607225.449600	18.158920	0.004970	3.653538	201
