time (s)	energy (uJ)	charge (mC)	voltage (mV)	crossing#mod 255
603909.818885	41.455784	0.011041	3.754783	12
603910.902943	37.723309	0.011034	3.418738	13
603911.952820	37.507675	0.011037	3.398325	14
603912.999439	37.965706	0.011052	3.435265	15
603914.052040	34.802963	0.011026	3.156415	16
603915.096482	36.772308	0.011066	3.322950	17
603916.145975	35.820213	0.011050	3.241695	18
603917.193016	34.619698	0.011033	3.137716	19
603918.176911	42.947701	0.011041	3.889840	20
603919.227073	45.135338	0.011040	4.088459	21
603920.273772	41.725018	0.011059	3.772991	22
603921.325792	39.195641	0.011029	3.554029	23
603922.370619	39.980694	0.011009	3.631639	24
603923.420776	43.259991	0.011048	3.915685	25
603924.466748	42.181210	0.011055	3.815532	26
603925.517078	37.973751	0.011033	3.441977	27
603926.565337	35.956696	0.011034	3.258607	28
603927.614914	38.816135	0.011049	3.513133	29
603928.661876	37.775089	0.011017	3.428837	30
603929.712892	34.033241	0.011035	3.083980	31
603930.759860	31.418772	0.011036	2.847056	32
603931.808140	33.708633	0.011049	3.050964	33
603932.763207	44.968063	0.011031	4.076511	34
603933.840046	44.540833	0.011036	4.035975	35
603934.888290	42.439396	0.011060	3.837272	36
603935.937781	41.162449	0.011034	3.730425	37
603936.950993	45.859802	0.011053	4.149173	38
603938.062526	32.104645	0.011030	2.910571	39
603939.111156	34.358826	0.011025	3.116384	40
603940.131606	38.709080	0.011040	3.506374	41
603941.179843	36.951359	0.011039	3.347284	42
603942.229432	35.041382	0.011046	3.172298	43
603943.244779	40.870075	0.011056	3.696728	44
603944.325238	32.890957	0.011045	2.978038	45
603945.310436	47.565495	0.011038	4.309353	46
603946.357114	47.019482	0.011058	4.252186	47
603947.406604	44.723221	0.011027	4.055667	48
603948.454820	41.779839	0.011033	3.786849	49
603949.503401	44.313457	0.011036	4.015288	50
603950.551681	39.072830	0.011043	3.538335	51
603951.601824	38.829708	0.011035	3.518909	52
603952.648538	38.422173	0.011047	3.478154	53
603953.698017	36.319206	0.011023	3.294779	54
603954.745341	34.883030	0.011032	3.162072	55
603955.794776	32.433060	0.011017	2.943795	56
603956.843616	31.763617	0.011030	2.879771	57
603957.826494	49.759842	0.011056	4.500767	58
603958.875590	45.968849	0.011045	4.161930	59
603959.923695	45.381561	0.011025	4.116268	60
603960.971955	44.597229	0.011034	4.041660	61
603962.020209	41.414455	0.011055	3.746307	62
603963.068464	40.021225	0.011026	3.629825	63
603964.090804	48.633484	0.011027	4.410293	64
603965.166126	36.250042	0.011039	3.283947	65
603966.215741	33.850727	0.011048	3.063994	66
603967.262679	32.221649	0.011030	2.921179	67
603968.309798	33.336159	0.011027	3.023124	68
603969.296366	49.578281	0.011036	4.492213	69
603970.345289	50.761360	0.011033	4.601066	70
603971.394094	46.274368	0.011030	4.195377	71
603972.440721	44.048756	0.011035	3.991781	72
603973.489527	44.914692	0.011033	4.070868	73
603974.537343	42.516827	0.011019	3.858436	74
603975.587382	39.064339	0.011046	3.536539	75
603976.668017	27.668169	0.011063	2.501024	76
603977.717571	26.476521	0.011077	2.390193	77
603978.731940	33.387970	0.011057	3.019528	78
603979.781421	31.338106	0.011013	2.845459	79
603980.830042	30.412754	0.011037	2.755470	80
603981.812384	51.766083	0.011041	4.688530	81
603982.860928	49.329563	0.011004	4.482805	82
603983.909445	45.153721	0.011016	4.099069	83
603984.958029	47.793491	0.011033	4.331831	84
603986.008105	41.300766	0.011034	3.743006	85
603987.020551	54.258926	0.011023	4.922407	86
603988.131982	28.205540	0.011037	2.555555	87
603989.151705	37.538181	0.011028	3.404003	88
603990.201122	33.678577	0.011020	3.056031	89
603991.249408	31.872704	0.011047	2.885192	90
603992.297969	31.583847	0.011048	2.858661	91
603993.347547	27.312525	0.011047	2.472327	92
603994.329810	52.342808	0.011033	4.744013	93
603995.379530	49.106579	0.011050	4.444002	94
603996.426664	45.911118	0.011054	4.153367	95
603997.443558	54.377964	0.011048	4.921971	96
603998.524355	42.149464	0.011029	3.821846	97
603999.572598	40.991367	0.011032	3.715649	98
604000.620850	34.337997	0.011054	3.106430	99
604001.669113	37.860146	0.011018	3.436336	100
604002.720218	31.050787	0.011029	2.815301	101
604003.768283	31.857960	0.011048	2.883469	102
604004.815063	26.395437	0.011068	2.384763	103
604005.895603	18.377281	0.011047	1.663504	104
604006.847174	49.166588	0.011030	4.457502	105
604007.896851	49.220089	0.011041	4.458072	106
604008.943688	44.925495	0.011022	4.076134	107
604010.018675	33.136734	0.011026	3.005438	108
604011.041399	38.632122	0.011027	3.503406	109
604012.090195	40.467422	0.011035	3.667255	110
604013.138979	33.560600	0.011031	3.042263	111
604014.187047	35.162716	0.011047	3.183032	112
604015.234600	28.915012	0.011030	2.621486	113
604016.250375	45.094208	0.011059	4.077487	114
604017.271094	51.574177	0.011030	4.675946	115
604018.381888	26.114027	0.011025	2.368518	116
604019.365754	46.951969	0.011039	4.253348	117
604020.380473	60.862633	0.011060	5.502965	118
604021.488376	30.291527	0.011029	2.746425	119
604022.510294	42.400360	0.011069	3.830531	120
604023.559947	38.530476	0.011036	3.491471	121
604024.608029	35.708405	0.011018	3.240989	122
604025.686297	22.769884	0.011022	2.065790	123
604026.703649	32.105289	0.011033	2.909818	124
604027.753062	28.628361	0.011038	2.593683	125
604028.836234	16.126770	0.011055	1.458757	126
604029.850760	22.836361	0.011016	2.073095	127
604030.833182	51.884644	0.011034	4.702284	128
604031.881468	47.712463	0.011056	4.315551	129
604032.929707	46.364796	0.011021	4.206797	130
604033.979124	39.141819	0.011030	3.548658	131
604035.027970	41.710178	0.011029	3.781817	132
604036.077827	33.315403	0.011035	3.018949	133
604037.125012	35.248482	0.011033	3.194956	134
604038.173268	29.967381	0.011034	2.715999	135
604039.221529	30.109682	0.011047	2.725717	136
604040.269793	24.349060	0.011028	2.207989	137
604041.319204	24.887426	0.011031	2.256092	138
