time (s)	energy (uJ)	charge (mC)	voltage (mV)	crossing#mod 255
602324.935343	64.371590	0.018693	3.443686	188
602325.982708	60.368580	0.018688	3.230311	189
602327.030168	56.622055	0.018697	3.028419	190
602328.079529	62.641865	0.018662	3.356565	191
602329.028578	66.905289	0.018685	3.580615	192
602330.175507	53.593204	0.018686	2.868119	193
602331.158601	74.678551	0.018651	4.004013	194
602332.207986	74.402000	0.018659	3.987403	195
602333.223245	80.701294	0.018680	4.320105	196
602334.305686	70.552872	0.018695	3.773857	197
602335.321618	81.099281	0.018644	4.349900	198
602336.401628	69.475677	0.018621	3.730981	199
602337.451041	66.421333	0.018656	3.560311	200
602338.464659	78.718933	0.018664	4.217641	201
602339.547927	61.732018	0.018717	3.298240	202
602340.597488	66.516228	0.018677	3.561486	203
602341.646878	56.549599	0.018686	3.026344	204
602342.707361	35.661362	0.018651	1.912033	205
602343.676801	86.735313	0.018659	4.648462	206
602344.790251	55.139896	0.018662	2.954618	207
602345.774480	76.663635	0.018667	4.106929	208
602346.791455	85.543777	0.018676	4.580305	209
602347.837768	91.799690	0.018669	4.917199	210
602348.920119	75.401878	0.018616	4.050364	211
602349.967958	71.504303	0.018651	3.833724	212
602351.017009	67.243370	0.018620	3.611291	213
602352.100454	49.429409	0.018657	2.649395	214
602353.079488	87.634720	0.018659	4.696591	215
602354.162457	56.916767	0.018676	3.047627	216
602355.195680	65.633179	0.018650	3.519165	217
602356.259821	52.809265	0.018649	2.831756	218
602357.307276	57.501953	0.018621	3.087955	219
602358.276877	90.065590	0.018646	4.830309	220
602359.405446	48.102684	0.018654	2.578664	221
602360.388424	79.022499	0.018644	4.238524	222
602361.436992	83.169235	0.018657	4.457804	223
602362.518705	49.971928	0.018669	2.676688	224
602363.534172	74.641998	0.018640	4.004428	225
602364.596043	58.945801	0.018646	3.161287	226
602365.617156	73.151459	0.018653	3.921655	227
602366.665735	69.424515	0.018651	3.722294	228
602367.728383	58.913879	0.018654	3.158211	229
602368.777159	53.187183	0.018646	2.852406	230
602369.825973	49.720898	0.018652	2.665680	231
602370.874238	46.909363	0.018651	2.515049	232
602371.922826	44.729763	0.018649	2.398505	233
602372.906715	83.744644	0.018663	4.487122	234
602373.955012	84.523346	0.018664	4.528588	235
602375.002696	69.471855	0.018674	3.720303	236
602376.052070	76.244827	0.018661	4.085881	237
602377.084719	80.336998	0.018644	4.308934	238
602378.162931	55.586430	0.018640	2.982183	239
602379.182593	66.612724	0.018645	3.572714	240
602380.280197	35.685040	0.018653	1.913119	241
602381.260604	79.682922	0.018629	4.277449	242
602382.342335	47.591084	0.018601	2.558527	243
602383.425018	10.324912	0.018677	0.552824	244
602384.452326	34.165394	0.018651	1.831779	245
602385.422672	88.283669	0.018655	4.732449	246
602386.499480	57.756626	0.018622	3.101545	247
602387.521030	74.352592	0.018638	3.989283	248
602388.567349	76.306839	0.018641	4.093594	249
602389.650073	40.863827	0.018660	2.189869	250
602390.665474	64.096825	0.018612	3.443895	251
602391.714249	56.951252	0.018644	3.054616	252
602392.748473	62.345394	0.018643	3.344107	253
602393.811721	49.156643	0.018646	2.636310	254
602394.828178	73.684036	0.018626	3.956016	255
602395.892406	47.182510	0.018630	2.532649	0
602396.983708	24.472561	0.018644	1.312643	1
602397.941223	84.511925	0.018620	4.538686	2
602398.989508	79.921638	0.018629	4.290231	3
602400.036630	71.543373	0.018637	3.838708	4
602401.071843	81.655365	0.018645	4.379504	5
602402.135788	63.444626	0.018666	3.398910	6
602403.209371	40.856724	0.018640	2.191897	7
602404.231754	55.141846	0.018671	2.953349	8
602405.265018	62.882008	0.018633	3.374752	9
602406.329360	42.737328	0.018643	2.292455	10
602407.377909	42.575912	0.018642	2.283840	11
602408.425788	36.173515	0.018656	1.938945	12
602409.442875	61.453197	0.018643	3.296316	13
602410.456930	80.564674	0.018606	4.330103	14
602411.539856	52.587681	0.018666	2.817226	15
602412.556002	67.340652	0.018664	3.608012	16
602413.572296	102.248466	0.018668	5.477233	17
602414.653092	55.003262	0.018666	2.946715	18
602415.700271	58.164837	0.018685	3.112993	19
602416.748457	50.171494	0.018643	2.691188	20
602417.800044	72.224152	0.018656	3.871391	21
602418.841377	41.180706	0.018661	2.206822	22
602419.926139	21.211748	0.018630	1.138592	23
602420.943474	31.811930	0.018666	1.704307	24
602421.984160	33.064308	0.018674	1.770633	25
602422.975903	80.467964	0.018634	4.318395	26
602424.024730	74.128845	0.018664	3.971858	27
602425.073290	64.056648	0.018614	3.441262	28
602426.121790	62.163517	0.018660	3.331459	29
602427.168982	54.515656	0.018633	2.925712	30
602428.249079	31.571157	0.018658	1.692129	31
602429.267862	41.728893	0.018605	2.242881	32
602430.315411	43.639862	0.018642	2.340986	33
602431.376219	26.796116	0.018593	1.441161	34
602432.412549	36.221127	0.018638	1.943441	35
602433.472913	19.952374	0.018643	1.070223	36
602434.509420	29.363194	0.018662	1.573456	37
602435.493497	72.549309	0.018653	3.889513	38
602436.540973	73.131302	0.018654	3.920495	39
602437.588726	58.359249	0.018625	3.133329	40
602438.623728	76.728386	0.018634	4.117550	41
602439.685337	49.246944	0.018644	2.641375	42
602440.712975	69.195740	0.018606	3.718920	43
602441.784171	39.024487	0.018635	2.094179	44
602442.831883	40.345566	0.018630	2.165602	45
602443.845635	58.258511	0.018646	3.124487	46
602444.928749	32.993935	0.018643	1.769815	47
602445.978142	22.261944	0.018694	1.190871	48
602447.028521	22.089075	0.018610	1.186925	49
602448.036706	44.754776	0.018627	2.402691	50
602449.058787	184.143616	0.018636	9.881169	51
602450.108393	58.150043	0.018682	3.112602	52
602451.124659	86.062973	0.018701	4.602147	53
602452.235051	25.296049	0.018655	1.356028	54
602453.253218	43.343163	0.018607	2.329411	55
602454.300694	35.924622	0.018626	1.928693	56
602455.334611	45.148766	0.018622	2.424486	57
602456.398829	24.517191	0.018634	1.315755	58
602457.481225	12.405081	0.018650	0.665136	59
